1,6048,510.40,169.06,9.21,22.13,1,-1,-1,-1
1,6047,519.47,171.73,11.26,24.79,1,-1,-1,-1
1,6046,792.15,170.62,15.50,39.72,1,-1,-1,-1
1,6045,438.39,170.61,9.26,24.33,1,-1,-1,-1
1,6044,607.99,171.50,6.66,13.14,1,-1,-1,-1
1,6043,678.94,172.90,8.70,19.37,1,-1,-1,-1
1,6042,709.09,174.74,15.87,32.49,1,-1,-1,-1
1,6041,747.19,167.90,15.79,42.47,1,-1,-1,-1
1,6040,763.40,171.03,16.14,40.34,1,-1,-1,-1
2,6056,495.88,171.20,8.63,18.18,1,-1,-1,-1
2,6055,443.16,175.78,6.84,13.54,1,-1,-1,-1
2,6054,783.88,188.47,10.98,18.39,1,-1,-1,-1
2,6053,431.41,172.03,10.98,24.81,1,-1,-1,-1
2,6052,742.54,169.48,8.25,24.37,1,-1,-1,-1
2,6051,732.93,175.16,9.14,23.88,1,-1,-1,-1
2,6050,604.02,171.53,6.25,13.73,1,-1,-1,-1
2,6049,503.65,169.05,10.90,25.91,1,-1,-1,-1
2,6047,516.86,170.82,12.42,26.72,1,-1,-1,-1
2,6043,677.13,172.59,7.92,19.19,1,-1,-1,-1
2,6042,709.47,174.53,15.19,31.90,1,-1,-1,-1
2,6041,748.74,168.31,15.65,42.84,1,-1,-1,-1
2,6040,764.54,172.96,15.06,38.63,1,-1,-1,-1
3,6060,522.96,170.83,6.95,21.76,1,-1,-1,-1
3,6059,612.04,170.16,6.49,11.60,1,-1,-1,-1
3,6058,575.14,170.67,8.25,17.20,1,-1,-1,-1
3,6057,699.12,173.31,7.96,25.73,1,-1,-1,-1
3,6052,741.91,170.94,8.79,23.29,1,-1,-1,-1
3,6049,500.97,171.41,8.48,20.20,1,-1,-1,-1
3,6047,512.48,170.06,12.81,27.79,1,-1,-1,-1
3,6046,796.26,172.73,18.32,39.65,1,-1,-1,-1
3,6042,708.28,174.67,15.19,32.17,1,-1,-1,-1
3,6041,749.33,169.87,16.47,43.28,1,-1,-1,-1
3,6040,766.09,171.19,15.72,40.42,1,-1,-1,-1
4,6047,507.37,169.97,12.60,26.87,1,-1,-1,-1
4,6042,706.73,174.90,16.51,34.39,1,-1,-1,-1
4,6041,750.02,169.03,17.02,44.23,1,-1,-1,-1
4,6040,766.00,169.28,17.38,43.11,1,-1,-1,-1
5,6052,740.77,167.93,10.15,25.85,1,-1,-1,-1
5,6047,502.66,168.66,13.19,27.31,1,-1,-1,-1
5,6041,751.47,168.19,17.35,45.21,1,-1,-1,-1
5,6040,768.53,167.74,18.81,46.04,1,-1,-1,-1
6,6052,739.39,167.06,10.29,26.53,1,-1,-1,-1
6,6047,498.76,169.08,13.68,27.93,1,-1,-1,-1
6,6041,752.38,167.19,18.04,47.31,1,-1,-1,-1
6,6040,770.04,167.58,19.45,47.88,1,-1,-1,-1
7,6052,739.03,166.10,11.11,27.54,1,-1,-1,-1
7,6047,494.11,168.80,13.07,28.16,1,-1,-1,-1
7,6041,753.59,165.79,19.19,49.66,1,-1,-1,-1
7,6040,773.16,168.16,19.42,48.09,1,-1,-1,-1
8,6052,738.20,166.08,11.05,27.54,1,-1,-1,-1
8,6051,728.88,168.36,10.53,28.50,1,-1,-1,-1
8,6047,490.79,168.89,13.10,29.41,1,-1,-1,-1
8,6043,666.37,168.22,8.03,22.01,1,-1,-1,-1
8,6041,756.37,165.39,20.04,51.35,1,-1,-1,-1
8,6040,777.40,168.73,19.06,48.50,1,-1,-1,-1
9,6052,738.04,167.38,10.68,26.54,1,-1,-1,-1
9,6051,729.41,168.94,10.35,28.80,1,-1,-1,-1
9,6047,486.35,169.91,12.83,29.48,1,-1,-1,-1
9,6043,664.50,169.88,7.76,21.48,1,-1,-1,-1
9,6041,758.12,166.17,20.40,52.02,1,-1,-1,-1
9,6040,781.59,167.61,20.00,50.16,1,-1,-1,-1
10,6052,737.79,166.72,10.56,26.25,1,-1,-1,-1
10,6051,726.68,168.13,10.99,30.24,1,-1,-1,-1
10,6047,482.49,169.74,12.16,29.39,1,-1,-1,-1
10,6043,663.69,168.84,7.41,21.11,1,-1,-1,-1
10,6041,761.78,165.77,21.02,52.78,1,-1,-1,-1
10,6040,785.55,166.37,20.83,52.06,1,-1,-1,-1
11,6074,457.85,167.49,11.04,26.25,1,-1,-1,-1
11,6052,738.21,165.79,10.48,25.99,1,-1,-1,-1
11,6051,726.05,166.04,11.65,31.95,1,-1,-1,-1
11,6047,479.59,169.56,12.46,30.58,1,-1,-1,-1
11,6043,662.91,167.05,7.60,21.48,1,-1,-1,-1
11,6041,766.29,164.05,21.41,54.53,1,-1,-1,-1
11,6040,790.71,165.38,21.81,54.11,1,-1,-1,-1
12,6074,453.72,167.19,11.01,27.43,1,-1,-1,-1
12,6052,739.50,164.43,10.43,26.12,1,-1,-1,-1
12,6051,726.90,167.31,12.19,33.00,1,-1,-1,-1
12,6047,476.44,169.92,12.20,30.06,1,-1,-1,-1
12,6043,662.82,166.59,7.85,21.72,1,-1,-1,-1
12,6041,770.93,161.14,22.91,58.24,1,-1,-1,-1
12,6040,797.28,164.69,22.17,55.25,1,-1,-1,-1
13,6080,566.92,166.54,7.92,17.92,1,-1,-1,-1
13,6074,449.41,166.62,11.70,28.65,1,-1,-1,-1
13,6052,740.92,164.82,10.46,26.49,1,-1,-1,-1
13,6047,474.02,170.54,11.85,29.54,1,-1,-1,-1
13,6041,776.64,158.48,25.08,62.25,1,-1,-1,-1
13,6040,804.40,164.33,23.31,57.23,1,-1,-1,-1
14,6074,445.80,165.85,11.40,29.38,1,-1,-1,-1
14,6052,743.54,166.39,10.17,26.15,1,-1,-1,-1
14,6047,471.67,170.46,12.58,30.63,1,-1,-1,-1
14,6041,781.90,159.03,26.68,64.61,1,-1,-1,-1
14,6040,812.10,163.97,23.98,59.63,1,-1,-1,-1
15,6074,442.66,168.42,11.36,29.12,1,-1,-1,-1
15,6052,742.14,170.21,10.15,27.41,1,-1,-1,-1
15,6047,469.42,170.71,13.03,32.61,1,-1,-1,-1
15,6041,788.54,160.44,28.57,67.91,1,-1,-1,-1
15,6040,821.17,165.44,24.38,61.47,1,-1,-1,-1
16,6074,438.92,170.02,11.88,30.73,1,-1,-1,-1
16,6047,466.58,174.01,13.42,32.93,1,-1,-1,-1
16,6041,797.36,164.25,29.63,68.81,1,-1,-1,-1
16,6040,831.92,167.28,24.19,63.81,1,-1,-1,-1
17,6092,670.48,174.35,6.64,19.88,1,-1,-1,-1
17,6089,140.95,172.45,27.93,60.48,1,-1,-1,-1
17,6074,436.16,172.14,11.28,30.87,1,-1,-1,-1
17,6047,465.04,175.47,13.90,33.92,1,-1,-1,-1
17,6041,807.15,166.79,30.28,70.40,1,-1,-1,-1
17,6040,843.79,169.72,24.74,67.08,1,-1,-1,-1
18,6096,755.26,172.88,9.08,26.38,1,-1,-1,-1
18,6094,428.41,176.75,9.90,24.48,1,-1,-1,-1
18,6092,671.83,173.77,7.39,21.72,1,-1,-1,-1
18,6089,123.62,168.67,28.11,63.26,1,-1,-1,-1
18,6074,432.76,172.00,11.24,30.73,1,-1,-1,-1
18,6047,463.45,175.64,14.25,34.38,1,-1,-1,-1
18,6041,819.51,168.02,31.21,73.09,1,-1,-1,-1
18,6040,856.32,170.58,26.02,70.64,1,-1,-1,-1
19,6092,673.81,173.04,7.20,21.65,1,-1,-1,-1
19,6091,502.91,172.71,8.93,26.27,1,-1,-1,-1
19,6089,105.09,168.25,27.70,63.52,1,-1,-1,-1
19,6074,429.01,170.89,11.80,31.83,1,-1,-1,-1
19,6047,461.40,173.52,14.12,35.67,1,-1,-1,-1
19,6041,831.90,168.01,32.18,75.46,1,-1,-1,-1
19,6040,871.48,170.51,27.95,73.71,1,-1,-1,-1
20,6092,675.42,172.12,6.96,20.64,1,-1,-1,-1
20,6089,85.66,165.73,27.83,65.62,1,-1,-1,-1
20,6074,425.11,170.30,11.74,31.44,1,-1,-1,-1
20,6047,459.48,171.88,14.01,36.62,1,-1,-1,-1
20,6041,847.24,166.16,33.56,79.08,1,-1,-1,-1
20,6040,887.28,168.74,29.12,76.83,1,-1,-1,-1
21,6089,64.20,163.74,28.41,67.66,1,-1,-1,-1
21,6074,420.82,167.21,11.79,32.32,1,-1,-1,-1
21,6047,456.18,170.20,14.62,36.99,1,-1,-1,-1
21,6041,862.56,163.05,34.95,83.47,1,-1,-1,-1
21,6040,902.89,164.53,30.50,81.10,1,-1,-1,-1
22,6089,40.17,162.57,29.09,70.10,1,-1,-1,-1
22,6074,415.83,165.15,12.30,33.14,1,-1,-1,-1
22,6047,452.97,168.26,15.30,38.12,1,-1,-1,-1
22,6041,878.91,160.55,35.36,87.13,1,-1,-1,-1
22,6040,920.11,162.26,32.94,85.46,1,-1,-1,-1
23,6089,15.35,165.06,29.82,71.89,1,-1,-1,-1
23,6074,410.74,164.20,13.50,34.86,1,-1,-1,-1
23,6047,449.17,167.59,15.80,39.69,1,-1,-1,-1
23,6041,897.14,157.99,37.49,92.99,1,-1,-1,-1
24,6106,550.17,165.51,10.70,27.19,1,-1,-1,-1
24,6089,-2.46,175.32,24.29,69.51,1,-1,-1,-1
24,6074,405.32,168.70,14.30,35.48,1,-1,-1,-1
24,6047,446.02,171.89,15.82,40.51,1,-1,-1,-1
25,6074,399.52,173.13,14.93,35.74,1,-1,-1,-1
25,6047,442.37,175.68,15.89,40.86,1,-1,-1,-1
26,6074,393.18,175.11,15.47,37.27,1,-1,-1,-1
26,6047,438.17,179.33,16.52,40.99,1,-1,-1,-1
27,6110,684.00,170.60,8.47,26.84,1,-1,-1,-1
27,6074,387.17,174.27,15.77,38.41,1,-1,-1,-1
27,6047,434.08,178.57,17.15,43.07,1,-1,-1,-1
28,6110,685.49,171.57,8.06,24.19,1,-1,-1,-1
28,6074,380.13,171.52,15.77,40.01,1,-1,-1,-1
28,6047,430.62,176.21,17.06,43.34,1,-1,-1,-1
29,6110,686.70,168.08,8.61,25.57,1,-1,-1,-1
29,6074,372.44,169.85,15.97,41.28,1,-1,-1,-1
29,6047,426.40,174.75,17.04,44.60,1,-1,-1,-1
30,6120,351.45,179.81,8.38,19.54,1,-1,-1,-1
30,6110,687.94,168.62,8.43,25.34,1,-1,-1,-1
30,6074,366.26,169.61,15.67,40.55,1,-1,-1,-1
30,6047,421.10,175.55,17.95,45.90,1,-1,-1,-1
31,6120,346.56,180.68,8.35,20.49,1,-1,-1,-1
31,6110,689.71,171.62,8.61,24.94,1,-1,-1,-1
31,6074,357.31,171.50,17.76,42.63,1,-1,-1,-1
31,6047,414.57,176.32,18.85,47.23,1,-1,-1,-1
32,6120,341.21,180.59,8.38,20.85,1,-1,-1,-1
32,6110,691.49,171.88,8.33,25.30,1,-1,-1,-1
32,6074,347.84,172.90,18.41,43.86,1,-1,-1,-1
32,6047,409.01,178.47,19.77,48.30,1,-1,-1,-1
33,6110,692.63,172.01,8.48,25.26,1,-1,-1,-1
33,6074,337.95,172.43,19.10,45.47,1,-1,-1,-1
33,6047,402.17,178.67,20.74,49.40,1,-1,-1,-1
34,6110,694.30,170.48,8.34,24.72,1,-1,-1,-1
34,6074,326.92,169.55,20.12,46.73,1,-1,-1,-1
34,6047,395.81,177.11,21.08,49.83,1,-1,-1,-1
35,6110,695.42,168.12,8.77,25.66,1,-1,-1,-1
35,6074,315.73,167.06,20.97,48.26,1,-1,-1,-1
35,6047,388.31,174.43,21.86,51.70,1,-1,-1,-1
36,6150,543.26,165.34,8.76,25.42,1,-1,-1,-1
36,6110,696.83,166.97,9.08,26.33,1,-1,-1,-1
36,6074,305.14,166.90,21.66,49.27,1,-1,-1,-1
36,6047,381.53,173.08,21.74,53.65,1,-1,-1,-1
37,6110,698.75,166.13,9.60,26.81,1,-1,-1,-1
37,6074,294.60,167.68,21.95,50.56,1,-1,-1,-1
37,6047,373.40,174.73,21.94,55.30,1,-1,-1,-1
38,6074,282.49,168.92,21.50,51.97,1,-1,-1,-1
38,6047,364.22,176.67,22.51,57.12,1,-1,-1,-1
39,6161,483.91,169.06,13.82,35.42,1,-1,-1,-1
39,6159,727.98,173.13,9.75,28.89,1,-1,-1,-1
39,6074,269.19,169.02,20.86,53.75,1,-1,-1,-1
39,6047,353.76,177.83,23.73,59.70,1,-1,-1,-1
40,6161,481.38,167.62,14.47,38.06,1,-1,-1,-1
40,6159,730.87,174.70,9.52,28.10,1,-1,-1,-1
40,6074,255.12,169.00,20.95,55.28,1,-1,-1,-1
40,6047,343.36,178.29,24.26,61.70,1,-1,-1,-1
41,6161,479.00,166.08,14.87,38.50,1,-1,-1,-1
41,6159,731.85,175.14,9.79,27.77,1,-1,-1,-1
41,6074,238.50,168.80,22.80,57.71,1,-1,-1,-1
41,6047,330.89,177.96,25.28,64.66,1,-1,-1,-1
42,6161,475.69,166.92,14.28,37.95,1,-1,-1,-1
42,6159,734.47,172.79,11.28,31.27,1,-1,-1,-1
42,6151,455.22,171.20,16.47,43.57,1,-1,-1,-1
42,6074,221.87,168.41,25.17,59.76,1,-1,-1,-1
42,6047,317.50,178.41,26.86,67.12,1,-1,-1,-1
43,6159,735.53,171.47,11.47,31.60,1,-1,-1,-1
43,6151,450.35,169.32,16.56,45.68,1,-1,-1,-1
43,6074,203.70,169.06,25.72,61.79,1,-1,-1,-1
43,6047,301.40,179.73,29.30,70.27,1,-1,-1,-1
44,6151,444.80,169.03,17.29,48.07,1,-1,-1,-1
44,6047,285.37,181.14,31.07,73.34,1,-1,-1,-1
45,6182,468.77,169.48,14.57,37.03,1,-1,-1,-1
45,6180,709.72,167.74,10.48,36.50,1,-1,-1,-1
45,6151,438.86,169.13,16.88,49.77,1,-1,-1,-1
45,6047,268.27,182.50,32.42,76.62,1,-1,-1,-1
46,6182,465.38,168.95,16.44,40.86,1,-1,-1,-1
46,6180,710.26,166.71,11.51,38.89,1,-1,-1,-1
46,6151,432.39,168.20,17.60,52.71,1,-1,-1,-1
46,6047,247.07,184.10,34.92,80.91,1,-1,-1,-1
47,6185,752.62,174.44,10.61,28.94,1,-1,-1,-1
47,6182,460.46,167.93,17.43,43.58,1,-1,-1,-1
47,6180,711.55,170.22,11.49,36.98,1,-1,-1,-1
47,6151,426.38,168.62,18.33,54.81,1,-1,-1,-1
47,6047,224.80,183.78,37.36,86.13,1,-1,-1,-1
48,6201,444.42,173.95,12.87,28.51,1,-1,-1,-1
48,6199,892.88,164.39,19.17,35.58,1,-1,-1,-1
48,6182,458.67,168.27,17.30,44.00,1,-1,-1,-1
48,6180,712.87,174.42,10.69,33.54,1,-1,-1,-1
48,6151,418.60,167.81,19.07,57.49,1,-1,-1,-1
48,6047,200.59,184.50,38.91,91.21,1,-1,-1,-1
49,6182,454.35,167.37,16.89,43.43,1,-1,-1,-1
49,6180,714.54,174.50,10.88,33.64,1,-1,-1,-1
49,6151,411.76,166.66,19.62,59.74,1,-1,-1,-1
49,6047,172.95,183.42,42.50,97.66,1,-1,-1,-1
50,6182,449.28,167.57,17.49,44.82,1,-1,-1,-1
50,6180,716.00,175.41,10.94,33.05,1,-1,-1,-1
50,6151,403.06,166.00,20.61,62.11,1,-1,-1,-1
51,6216,235.82,185.56,21.07,39.85,1,-1,-1,-1
51,6215,736.61,176.45,10.43,27.47,1,-1,-1,-1
51,6182,444.80,166.62,18.30,46.25,1,-1,-1,-1
51,6180,716.65,173.59,11.36,35.11,1,-1,-1,-1
51,6151,395.04,165.27,22.17,65.15,1,-1,-1,-1
52,6216,221.73,189.29,21.22,41.32,1,-1,-1,-1
52,6215,738.04,177.85,10.14,27.37,1,-1,-1,-1
52,6211,491.52,177.82,9.27,23.00,1,-1,-1,-1
52,6201,425.52,179.85,13.47,27.12,1,-1,-1,-1
52,6182,439.47,168.36,17.73,46.72,1,-1,-1,-1
52,6180,717.85,174.37,11.43,36.26,1,-1,-1,-1
52,6151,383.99,166.32,23.42,67.70,1,-1,-1,-1
53,6233,477.21,174.45,10.21,27.04,1,-1,-1,-1
53,6216,207.02,190.29,21.88,43.46,1,-1,-1,-1
53,6215,738.82,177.44,11.55,30.05,1,-1,-1,-1
53,6201,420.32,181.07,13.98,26.76,1,-1,-1,-1
53,6182,435.60,169.09,17.34,46.40,1,-1,-1,-1
53,6180,719.32,172.17,11.76,38.76,1,-1,-1,-1
53,6151,373.84,166.54,25.78,70.96,1,-1,-1,-1
54,6237,447.23,173.87,9.42,32.65,1,-1,-1,-1
54,6233,472.59,174.07,10.43,27.42,1,-1,-1,-1
54,6216,192.29,190.46,21.41,44.91,1,-1,-1,-1
54,6215,740.44,181.75,10.72,28.11,1,-1,-1,-1
54,6204,729.78,167.93,13.67,40.92,1,-1,-1,-1
54,6201,415.42,182.22,15.35,27.93,1,-1,-1,-1
54,6182,432.48,169.77,16.74,46.28,1,-1,-1,-1
54,6180,720.73,171.51,12.62,41.73,1,-1,-1,-1
54,6151,363.57,166.19,27.03,73.67,1,-1,-1,-1
55,6248,295.99,181.23,27.74,50.38,1,-1,-1,-1
55,6237,443.82,173.00,10.45,33.64,1,-1,-1,-1
55,6233,469.05,173.64,10.09,27.47,1,-1,-1,-1
55,6216,173.75,191.96,22.30,47.34,1,-1,-1,-1
55,6215,743.25,180.94,10.93,28.79,1,-1,-1,-1
55,6204,731.07,166.43,14.56,43.47,1,-1,-1,-1
55,6201,410.19,183.20,15.30,27.19,1,-1,-1,-1
55,6182,427.60,169.08,16.69,46.01,1,-1,-1,-1
55,6180,722.19,170.83,13.14,42.18,1,-1,-1,-1
55,6151,352.60,166.17,27.35,76.50,1,-1,-1,-1
56,6237,439.20,172.95,11.06,34.55,1,-1,-1,-1
56,6233,464.35,175.20,9.90,27.48,1,-1,-1,-1
56,6217,488.12,168.73,16.55,41.26,1,-1,-1,-1
56,6216,157.54,192.10,22.74,49.50,1,-1,-1,-1
56,6215,744.03,179.71,11.92,30.23,1,-1,-1,-1
56,6204,732.62,167.36,13.46,43.31,1,-1,-1,-1
56,6201,405.24,183.78,16.66,27.96,1,-1,-1,-1
56,6182,422.93,169.74,16.96,47.17,1,-1,-1,-1
56,6180,723.57,169.19,13.31,44.48,1,-1,-1,-1
56,6151,340.37,166.42,27.58,79.62,1,-1,-1,-1
57,6256,754.53,181.09,11.36,31.13,1,-1,-1,-1
57,6237,434.75,172.34,12.00,35.02,1,-1,-1,-1
57,6233,458.04,175.68,10.59,28.77,1,-1,-1,-1
57,6217,482.37,170.19,17.38,42.98,1,-1,-1,-1
57,6216,137.42,192.76,23.97,52.89,1,-1,-1,-1
57,6215,744.25,179.14,12.82,31.66,1,-1,-1,-1
57,6201,398.93,184.13,17.16,28.04,1,-1,-1,-1
57,6182,417.18,169.83,17.70,49.51,1,-1,-1,-1
57,6180,724.39,170.56,13.82,44.77,1,-1,-1,-1
57,6151,325.38,167.34,29.34,82.46,1,-1,-1,-1
58,6261,770.16,167.21,23.73,60.00,1,-1,-1,-1
58,6256,756.17,179.58,12.90,34.11,1,-1,-1,-1
58,6237,430.32,172.65,12.21,34.89,1,-1,-1,-1
58,6233,449.34,176.29,11.60,29.50,1,-1,-1,-1
58,6217,477.61,171.27,17.57,43.80,1,-1,-1,-1
58,6215,747.26,180.63,11.47,30.75,1,-1,-1,-1
58,6201,391.46,184.90,18.07,28.80,1,-1,-1,-1
58,6182,411.98,169.59,18.11,51.01,1,-1,-1,-1
58,6180,724.96,170.19,14.62,46.94,1,-1,-1,-1
58,6151,309.81,167.33,31.01,85.82,1,-1,-1,-1
59,6261,773.35,166.49,24.18,61.99,1,-1,-1,-1
59,6256,759.74,178.80,13.74,36.23,1,-1,-1,-1
59,6248,264.24,185.84,24.50,50.13,1,-1,-1,-1
59,6237,425.83,173.28,12.15,34.07,1,-1,-1,-1
59,6233,446.60,177.49,12.44,29.41,1,-1,-1,-1
59,6217,472.12,171.18,18.02,45.19,1,-1,-1,-1
59,6215,749.46,179.98,12.94,32.75,1,-1,-1,-1
59,6201,384.23,185.39,18.31,28.71,1,-1,-1,-1
59,6182,405.02,169.83,18.00,51.93,1,-1,-1,-1
59,6180,725.58,169.06,16.27,49.73,1,-1,-1,-1
59,6151,291.56,167.85,31.99,89.15,1,-1,-1,-1
60,6256,761.66,181.90,13.72,35.47,1,-1,-1,-1
60,6237,422.44,173.78,11.86,33.17,1,-1,-1,-1
60,6233,443.51,175.10,12.33,30.67,1,-1,-1,-1
60,6217,465.65,172.14,18.20,45.93,1,-1,-1,-1
60,6215,752.09,181.33,12.52,32.51,1,-1,-1,-1
60,6201,376.10,185.26,18.84,29.73,1,-1,-1,-1
60,6182,397.96,170.50,18.04,52.70,1,-1,-1,-1
60,6180,725.55,167.40,17.63,52.94,1,-1,-1,-1
60,6151,275.34,168.11,32.68,93.39,1,-1,-1,-1
61,6256,763.86,182.93,14.56,35.95,1,-1,-1,-1
61,6237,416.02,173.17,12.19,33.86,1,-1,-1,-1
61,6233,439.16,175.34,12.24,31.45,1,-1,-1,-1
61,6217,460.61,171.98,17.78,45.67,1,-1,-1,-1
61,6215,753.34,180.92,13.04,33.37,1,-1,-1,-1
61,6201,367.47,185.78,19.99,30.72,1,-1,-1,-1
61,6182,390.33,170.55,19.36,53.16,1,-1,-1,-1
61,6180,726.18,166.05,19.88,56.44,1,-1,-1,-1
61,6151,252.62,168.35,36.28,98.67,1,-1,-1,-1
62,6256,766.14,182.79,14.00,36.43,1,-1,-1,-1
62,6237,410.06,174.47,13.01,32.81,1,-1,-1,-1
62,6233,432.67,173.30,12.88,33.08,1,-1,-1,-1
62,6217,453.26,171.60,18.66,48.21,1,-1,-1,-1
62,6215,754.50,181.32,13.40,34.29,1,-1,-1,-1
62,6201,357.25,185.92,20.15,31.89,1,-1,-1,-1
62,6182,381.30,170.28,19.97,55.08,1,-1,-1,-1
62,6180,728.99,165.55,21.17,58.79,1,-1,-1,-1
62,6151,228.80,168.14,39.17,103.40,1,-1,-1,-1
63,6285,584.93,169.50,11.49,30.97,1,-1,-1,-1
63,6271,564.80,171.05,12.08,29.63,1,-1,-1,-1
63,6256,766.53,183.08,13.94,37.42,1,-1,-1,-1
63,6233,425.23,173.56,13.10,34.77,1,-1,-1,-1
63,6217,446.56,172.61,18.39,48.82,1,-1,-1,-1
63,6215,755.09,182.57,13.81,35.17,1,-1,-1,-1
63,6201,348.68,186.37,19.70,32.16,1,-1,-1,-1
63,6182,373.66,170.13,20.78,57.62,1,-1,-1,-1
63,6180,731.18,165.58,21.95,60.86,1,-1,-1,-1
63,6151,202.82,168.06,41.41,108.48,1,-1,-1,-1
64,6292,873.74,167.93,31.72,69.97,1,-1,-1,-1
64,6285,580.48,171.52,10.85,29.24,1,-1,-1,-1
64,6280,850.68,174.13,18.53,43.96,1,-1,-1,-1
64,6271,559.04,170.58,13.32,31.71,1,-1,-1,-1
64,6217,439.45,173.70,18.66,49.75,1,-1,-1,-1
64,6215,755.16,182.77,14.91,36.96,1,-1,-1,-1
64,6201,338.75,187.98,20.31,32.88,1,-1,-1,-1
64,6182,365.85,169.18,22.00,59.52,1,-1,-1,-1
64,6180,732.95,164.89,22.39,62.84,1,-1,-1,-1
64,6151,174.18,166.44,44.08,116.05,1,-1,-1,-1
65,6301,771.54,173.99,24.14,53.45,1,-1,-1,-1
65,6292,881.72,167.19,32.19,73.17,1,-1,-1,-1
65,6280,853.93,174.70,18.68,43.43,1,-1,-1,-1
65,6215,758.35,182.87,14.80,37.84,1,-1,-1,-1
65,6201,329.95,187.20,20.31,32.91,1,-1,-1,-1
65,6182,356.49,167.76,23.02,61.81,1,-1,-1,-1
65,6180,733.82,164.04,22.28,65.13,1,-1,-1,-1
66,6301,775.89,182.04,25.32,46.43,1,-1,-1,-1
66,6292,890.95,166.99,32.41,74.86,1,-1,-1,-1
66,6215,758.98,178.57,15.90,40.91,1,-1,-1,-1
66,6201,319.30,185.99,20.30,33.37,1,-1,-1,-1
66,6182,347.55,166.67,24.35,63.78,1,-1,-1,-1
66,6180,737.35,162.10,22.60,66.70,1,-1,-1,-1
67,6314,886.80,163.09,22.13,76.61,1,-1,-1,-1
67,6301,776.59,177.82,23.77,47.39,1,-1,-1,-1
67,6292,901.96,163.94,32.98,78.14,1,-1,-1,-1
67,6215,761.25,176.98,15.24,41.84,1,-1,-1,-1
67,6201,308.57,184.45,23.12,34.61,1,-1,-1,-1
67,6182,337.70,165.77,26.63,65.78,1,-1,-1,-1
67,6180,738.14,160.28,23.24,68.44,1,-1,-1,-1
68,6314,895.28,160.20,23.83,80.36,1,-1,-1,-1
68,6301,777.45,176.23,22.31,48.13,1,-1,-1,-1
68,6292,912.96,163.02,33.34,80.95,1,-1,-1,-1
68,6215,763.87,177.33,15.18,42.57,1,-1,-1,-1
68,6201,297.01,185.54,23.20,35.75,1,-1,-1,-1
68,6182,327.31,166.41,27.40,66.09,1,-1,-1,-1
68,6180,740.60,159.64,24.00,71.06,1,-1,-1,-1
69,6314,904.98,161.07,25.29,83.10,1,-1,-1,-1
69,6301,777.95,176.76,21.80,49.38,1,-1,-1,-1
69,6292,925.56,164.51,34.20,84.14,1,-1,-1,-1
69,6215,764.84,180.30,15.43,42.77,1,-1,-1,-1
69,6201,285.82,186.35,24.15,36.74,1,-1,-1,-1
69,6182,316.15,166.95,26.98,67.24,1,-1,-1,-1
69,6180,744.70,159.09,25.14,75.16,1,-1,-1,-1
70,6314,915.70,161.99,27.85,86.94,1,-1,-1,-1
70,6292,939.57,166.47,34.46,87.22,1,-1,-1,-1
70,6215,767.16,181.76,15.34,43.54,1,-1,-1,-1
70,6201,273.04,188.62,26.06,38.18,1,-1,-1,-1
70,6182,301.96,167.41,26.89,69.93,1,-1,-1,-1
70,6180,748.63,159.34,27.59,77.99,1,-1,-1,-1
71,6345,369.21,172.99,21.11,66.09,1,-1,-1,-1
71,6314,926.98,163.15,30.17,90.66,1,-1,-1,-1
71,6292,953.02,167.73,35.40,91.62,1,-1,-1,-1
71,6215,771.78,184.24,15.16,45.03,1,-1,-1,-1
71,6201,258.93,190.97,27.95,40.78,1,-1,-1,-1
71,6182,287.24,169.76,29.28,72.08,1,-1,-1,-1
71,6180,751.81,161.37,28.42,81.41,1,-1,-1,-1
72,6345,352.96,172.71,24.15,72.07,1,-1,-1,-1
72,6314,939.88,164.30,32.41,94.23,1,-1,-1,-1
72,6292,967.81,168.75,35.17,95.48,1,-1,-1,-1
72,6201,244.83,192.53,27.33,41.45,1,-1,-1,-1
72,6182,273.69,171.35,30.23,74.77,1,-1,-1,-1
72,6180,754.45,161.29,29.02,84.89,1,-1,-1,-1
73,6345,338.55,170.00,26.67,77.47,1,-1,-1,-1
73,6314,956.21,164.44,34.30,98.05,1,-1,-1,-1
73,6292,985.44,168.30,36.32,100.16,1,-1,-1,-1
73,6201,230.50,193.28,28.00,42.60,1,-1,-1,-1
73,6182,260.79,171.89,30.05,76.94,1,-1,-1,-1
73,6180,760.48,161.15,30.52,88.78,1,-1,-1,-1
74,6372,817.71,185.69,37.37,59.00,1,-1,-1,-1
74,6345,325.03,170.38,27.40,79.33,1,-1,-1,-1
74,6314,976.39,165.09,34.99,101.51,1,-1,-1,-1
74,6292,1005.02,166.90,39.30,106.82,1,-1,-1,-1
74,6201,213.25,194.56,28.58,43.95,1,-1,-1,-1
74,6182,246.78,171.17,30.93,79.78,1,-1,-1,-1
74,6180,763.85,161.32,31.15,92.11,1,-1,-1,-1
75,6372,832.57,187.80,33.85,58.55,1,-1,-1,-1
75,6345,308.76,170.34,27.88,82.24,1,-1,-1,-1
75,6314,1000.75,165.38,32.74,102.43,1,-1,-1,-1
75,6292,1026.04,165.27,44.70,114.12,1,-1,-1,-1
75,6201,197.03,195.43,30.14,44.97,1,-1,-1,-1
75,6182,231.37,171.19,31.86,82.44,1,-1,-1,-1
75,6180,769.38,159.41,32.97,95.83,1,-1,-1,-1
76,6387,825.74,169.15,16.29,32.22,1,-1,-1,-1
76,6386,821.66,184.71,50.95,62.90,1,-1,-1,-1
76,6345,290.82,172.55,29.32,84.08,1,-1,-1,-1
76,6292,1053.29,166.58,44.35,119.52,1,-1,-1,-1
76,6201,179.32,195.32,32.06,46.57,1,-1,-1,-1
76,6182,213.31,171.84,33.44,85.96,1,-1,-1,-1
76,6180,775.37,158.62,35.23,101.87,1,-1,-1,-1
77,6387,827.48,170.67,17.39,36.20,1,-1,-1,-1
77,6386,829.82,186.74,56.48,66.82,1,-1,-1,-1
77,6375,899.55,174.51,24.54,28.95,1,-1,-1,-1
77,6345,269.42,167.73,34.91,91.89,1,-1,-1,-1
77,6292,1053.97,164.48,59.17,150.58,1,-1,-1,-1
77,6201,159.85,194.90,33.41,47.62,1,-1,-1,-1
77,6182,194.50,171.50,34.01,88.96,1,-1,-1,-1
77,6180,780.32,159.70,38.10,107.18,1,-1,-1,-1
78,6386,836.79,185.83,62.52,72.05,1,-1,-1,-1
78,6345,250.53,167.18,37.66,97.22,1,-1,-1,-1
78,6292,1070.84,159.99,54.57,144.93,1,-1,-1,-1
78,6201,137.96,196.12,32.72,48.82,1,-1,-1,-1
78,6182,176.66,170.62,34.17,92.52,1,-1,-1,-1
78,6180,790.62,160.04,39.39,112.78,1,-1,-1,-1
79,6400,601.43,168.13,15.49,39.11,1,-1,-1,-1
79,6386,854.05,188.17,61.10,74.08,1,-1,-1,-1
79,6345,227.88,166.10,41.35,104.11,1,-1,-1,-1
79,6201,115.74,199.91,33.21,50.21,1,-1,-1,-1
79,6182,156.51,171.88,34.71,96.76,1,-1,-1,-1
79,6180,804.43,160.60,41.07,120.10,1,-1,-1,-1
80,6404,790.98,192.11,27.73,74.92,1,-1,-1,-1
80,6400,603.07,170.56,15.13,38.66,1,-1,-1,-1
80,6386,881.07,193.90,54.88,75.41,1,-1,-1,-1
80,6345,209.41,170.69,39.65,106.37,1,-1,-1,-1
80,6201,91.46,204.42,33.39,51.12,1,-1,-1,-1
80,6182,132.46,174.46,39.16,101.68,1,-1,-1,-1
81,6404,800.00,201.38,26.85,69.61,1,-1,-1,-1
81,6345,179.00,172.99,42.16,112.50,1,-1,-1,-1
81,6182,110.53,176.81,44.72,105.17,1,-1,-1,-1
82,6413,853.40,151.56,49.61,168.22,1,-1,-1,-1
82,6345,148.56,173.22,45.63,118.20,1,-1,-1,-1
82,6182,79.44,176.51,49.94,109.99,1,-1,-1,-1
83,6419,783.81,176.77,31.95,34.83,1,-1,-1,-1
83,6416,906.00,157.24,30.89,128.43,1,-1,-1,-1
83,6413,873.47,148.11,52.76,180.00,1,-1,-1,-1
83,6345,109.05,169.94,53.31,128.62,1,-1,-1,-1
83,6182,49.79,174.45,52.36,114.76,1,-1,-1,-1
84,6419,784.95,175.78,31.99,35.23,1,-1,-1,-1
84,6416,931.88,152.61,33.79,141.28,1,-1,-1,-1
84,6413,894.64,144.37,60.33,198.48,1,-1,-1,-1
84,6345,71.88,169.58,58.62,137.39,1,-1,-1,-1
84,6182,16.03,174.60,53.53,119.66,1,-1,-1,-1
85,6419,786.96,176.38,33.78,35.95,1,-1,-1,-1
85,6416,962.04,147.47,44.13,170.42,1,-1,-1,-1
85,6413,926.60,140.11,69.38,220.16,1,-1,-1,-1
85,6345,25.33,170.29,65.30,147.21,1,-1,-1,-1
85,6182,-0.03,177.23,49.95,125.75,1,-1,-1,-1
86,6438,294.23,188.03,24.42,42.10,1,-1,-1,-1
86,6436,612.25,172.67,19.54,38.64,1,-1,-1,-1
86,6430,875.15,210.69,50.23,104.24,1,-1,-1,-1
86,6419,789.22,177.19,35.13,36.60,1,-1,-1,-1
86,6416,981.76,140.25,64.09,218.32,1,-1,-1,-1
87,6446,862.46,170.07,19.47,47.52,1,-1,-1,-1
87,6443,906.53,177.64,23.58,43.39,1,-1,-1,-1
87,6438,286.95,190.47,20.65,38.54,1,-1,-1,-1
87,6430,900.93,215.31,55.08,112.49,1,-1,-1,-1
87,6419,790.82,177.73,35.64,37.55,1,-1,-1,-1
87,6416,1019.91,130.61,83.97,248.91,1,-1,-1,-1
88,6446,865.93,168.70,21.71,51.33,1,-1,-1,-1
88,6443,912.26,176.08,23.56,44.90,1,-1,-1,-1
88,6430,930.42,218.01,64.22,125.01,1,-1,-1,-1
88,6419,793.99,178.57,35.09,37.78,1,-1,-1,-1
88,6416,1076.85,122.23,110.58,267.18,1,-1,-1,-1
89,6446,870.99,169.10,21.65,51.85,1,-1,-1,-1
89,6443,920.64,176.67,23.57,45.84,1,-1,-1,-1
89,6419,796.57,178.82,36.93,38.68,1,-1,-1,-1
89,6416,1142.34,115.84,101.56,268.79,1,-1,-1,-1
90,6446,875.67,167.19,24.42,55.23,1,-1,-1,-1
90,6443,928.72,176.77,23.58,46.96,1,-1,-1,-1
90,6419,797.19,178.06,38.45,39.52,1,-1,-1,-1
91,6462,205.76,183.15,46.42,58.91,1,-1,-1,-1
91,6446,880.94,167.69,24.68,55.73,1,-1,-1,-1
91,6443,936.25,176.23,24.17,49.47,1,-1,-1,-1
91,6419,798.15,179.53,39.61,40.19,1,-1,-1,-1
92,6462,185.73,186.31,43.74,58.99,1,-1,-1,-1
92,6446,886.25,167.66,25.63,57.45,1,-1,-1,-1
92,6443,944.98,177.43,24.94,51.39,1,-1,-1,-1
92,6419,804.15,180.39,42.14,41.04,1,-1,-1,-1
93,6462,166.59,189.15,42.83,60.82,1,-1,-1,-1
93,6446,892.43,167.66,25.99,59.05,1,-1,-1,-1
93,6443,953.91,172.76,26.18,56.74,1,-1,-1,-1
93,6419,807.40,181.53,39.86,41.32,1,-1,-1,-1
94,6462,147.15,191.91,40.73,60.23,1,-1,-1,-1
94,6446,898.10,168.19,27.11,61.00,1,-1,-1,-1
94,6443,964.21,169.54,28.14,62.63,1,-1,-1,-1
94,6419,811.57,183.11,40.06,41.84,1,-1,-1,-1
95,6446,903.96,169.51,27.32,62.07,1,-1,-1,-1
95,6443,977.12,169.62,28.79,66.46,1,-1,-1,-1
95,6419,816.29,183.61,44.26,43.53,1,-1,-1,-1
96,6446,910.84,168.71,27.67,63.66,1,-1,-1,-1
96,6443,988.75,168.09,30.14,70.62,1,-1,-1,-1
96,6419,818.78,183.50,43.56,44.76,1,-1,-1,-1
97,6446,918.40,168.39,28.49,65.60,1,-1,-1,-1
97,6443,1003.29,167.15,31.07,74.09,1,-1,-1,-1
97,6419,823.12,184.39,49.12,46.21,1,-1,-1,-1
98,6446,927.01,168.55,29.72,68.52,1,-1,-1,-1
98,6443,1017.97,167.44,31.35,77.34,1,-1,-1,-1
98,6419,835.46,185.51,47.65,47.10,1,-1,-1,-1
99,6446,935.29,168.87,29.11,69.98,1,-1,-1,-1
99,6443,1032.89,167.38,33.31,80.86,1,-1,-1,-1
100,6509,720.98,167.06,8.84,15.65,1,-1,-1,-1
100,6507,288.31,168.49,18.00,52.51,1,-1,-1,-1
100,6446,944.26,168.16,29.06,71.35,1,-1,-1,-1
100,6443,1048.59,165.83,34.88,84.62,1,-1,-1,-1
101,6507,277.77,167.30,19.68,54.59,1,-1,-1,-1
101,6494,582.24,162.33,10.27,39.47,1,-1,-1,-1
101,6446,954.51,167.34,30.29,73.77,1,-1,-1,-1
101,6443,1064.38,164.90,37.49,88.25,1,-1,-1,-1
102,6507,268.31,165.97,19.96,54.02,1,-1,-1,-1
102,6494,579.55,162.86,10.39,38.68,1,-1,-1,-1
102,6443,1083.00,165.19,40.07,92.20,1,-1,-1,-1
103,6507,256.22,163.55,20.91,55.69,1,-1,-1,-1
103,6443,1103.66,164.77,43.52,96.35,1,-1,-1,-1
104,6522,506.02,173.37,18.11,47.50,1,-1,-1,-1
104,6507,245.20,163.09,20.91,56.93,1,-1,-1,-1
104,6443,1126.06,162.97,47.07,100.67,1,-1,-1,-1
104,6419,854.89,182.56,54.49,54.62,1,-1,-1,-1
105,6522,502.14,174.31,18.74,49.65,1,-1,-1,-1
105,6507,233.57,163.20,21.46,58.98,1,-1,-1,-1
105,6446,1001.46,162.71,29.70,82.81,1,-1,-1,-1
105,6443,1151.35,160.60,50.92,105.62,1,-1,-1,-1
106,6522,498.61,176.75,18.74,50.42,1,-1,-1,-1
106,6507,220.64,164.64,21.77,60.77,1,-1,-1,-1
106,6446,1015.35,162.91,31.42,86.11,1,-1,-1,-1
106,6443,1175.82,160.37,53.99,111.04,1,-1,-1,-1
107,6522,494.50,177.03,19.79,53.46,1,-1,-1,-1
107,6507,208.61,165.64,22.32,62.49,1,-1,-1,-1
107,6446,1029.70,163.89,33.41,88.96,1,-1,-1,-1
107,6443,1196.21,156.59,49.37,106.82,1,-1,-1,-1
108,6531,174.83,154.28,28.94,81.25,1,-1,-1,-1
108,6522,490.29,177.39,20.26,55.00,1,-1,-1,-1
108,6507,194.24,165.70,22.74,63.77,1,-1,-1,-1
108,6446,1045.25,165.36,35.00,92.65,1,-1,-1,-1
109,6533,661.22,172.65,5.49,12.58,1,-1,-1,-1
109,6532,654.06,171.61,6.57,18.46,1,-1,-1,-1
109,6531,157.39,151.62,29.81,83.69,1,-1,-1,-1
109,6522,485.48,176.97,21.34,56.52,1,-1,-1,-1
109,6507,178.45,165.23,22.98,65.43,1,-1,-1,-1
109,6446,1060.35,164.88,34.14,95.64,1,-1,-1,-1
110,6532,652.40,170.96,6.75,17.96,1,-1,-1,-1
110,6531,140.00,150.50,30.76,85.64,1,-1,-1,-1
110,6522,481.07,175.49,22.52,58.68,1,-1,-1,-1
110,6507,161.55,164.24,23.42,67.50,1,-1,-1,-1
110,6446,1078.49,163.21,36.58,100.22,1,-1,-1,-1
111,6532,650.30,168.84,7.33,18.86,1,-1,-1,-1
111,6531,118.82,149.16,32.59,88.31,1,-1,-1,-1
111,6522,475.55,174.33,23.12,60.02,1,-1,-1,-1
111,6446,1098.04,161.94,39.96,105.24,1,-1,-1,-1
112,6532,648.85,169.26,7.47,18.23,1,-1,-1,-1
112,6531,95.54,147.11,33.91,90.93,1,-1,-1,-1
112,6522,469.77,174.45,23.56,61.72,1,-1,-1,-1
112,6446,1118.74,162.14,43.82,109.74,1,-1,-1,-1
113,6532,645.95,168.41,8.15,19.85,1,-1,-1,-1
113,6531,70.58,145.58,35.21,95.44,1,-1,-1,-1
113,6522,464.26,175.46,24.05,63.19,1,-1,-1,-1
113,6446,1140.93,163.09,46.94,113.67,1,-1,-1,-1
114,6532,643.90,170.75,7.96,19.66,1,-1,-1,-1
114,6531,44.39,145.88,35.73,99.50,1,-1,-1,-1
114,6522,459.75,176.04,25.34,66.17,1,-1,-1,-1
114,6446,1165.55,163.13,47.84,117.35,1,-1,-1,-1
115,6550,676.16,168.90,7.60,16.91,1,-1,-1,-1
115,6531,13.34,148.18,36.57,103.06,1,-1,-1,-1
115,6522,452.60,177.45,26.56,68.78,1,-1,-1,-1
115,6446,1188.22,162.88,47.88,121.36,1,-1,-1,-1
116,6531,3.82,151.39,41.21,104.08,1,-1,-1,-1
116,6522,446.37,179.35,27.40,70.60,1,-1,-1,-1
116,6446,1210.05,163.95,39.64,121.46,1,-1,-1,-1
117,6522,438.98,178.59,28.33,73.53,1,-1,-1,-1
118,6522,430.68,177.54,30.51,76.90,1,-1,-1,-1
119,6566,674.73,159.39,8.39,17.94,1,-1,-1,-1
119,6522,420.24,175.95,32.74,80.45,1,-1,-1,-1
120,6566,671.33,160.05,8.74,18.16,1,-1,-1,-1
120,6522,408.35,176.73,35.43,84.14,1,-1,-1,-1
121,6573,678.77,165.04,8.13,21.14,1,-1,-1,-1
121,6566,666.46,160.05,10.17,21.37,1,-1,-1,-1
121,6522,394.49,178.57,38.85,88.91,1,-1,-1,-1
122,6573,675.01,167.92,7.80,19.92,1,-1,-1,-1
122,6522,379.38,180.55,41.33,93.82,1,-1,-1,-1
123,6522,363.42,182.57,42.15,97.45,1,-1,-1,-1
124,6522,347.30,183.61,43.41,102.27,1,-1,-1,-1
125,6522,331.50,182.98,46.43,108.26,1,-1,-1,-1
126,6573,661.15,167.63,8.58,21.34,1,-1,-1,-1
126,6522,313.40,183.54,49.64,114.82,1,-1,-1,-1
127,6573,657.67,166.38,8.46,21.05,1,-1,-1,-1
127,6522,292.64,184.79,52.80,122.05,1,-1,-1,-1
128,6573,654.20,165.13,8.74,21.58,1,-1,-1,-1
128,6522,265.75,187.73,57.36,129.71,1,-1,-1,-1
129,6522,232.34,189.05,63.61,139.72,1,-1,-1,-1
130,6578,605.48,165.82,6.31,16.06,1,-1,-1,-1
130,6522,194.10,192.70,69.40,149.73,1,-1,-1,-1
131,6578,601.93,165.72,6.63,16.59,1,-1,-1,-1
132,6578,599.00,165.98,6.46,16.23,1,-1,-1,-1
133,6578,595.09,166.97,6.42,16.26,1,-1,-1,-1
134,6578,591.69,167.37,6.59,16.41,1,-1,-1,-1
135,6578,588.53,167.46,6.63,16.19,1,-1,-1,-1
136,6578,585.22,169.72,6.78,16.32,1,-1,-1,-1
137,6578,582.05,170.31,7.23,17.22,1,-1,-1,-1
138,6578,579.85,170.64,6.98,17.00,1,-1,-1,-1
139,6578,577.47,169.87,7.11,17.26,1,-1,-1,-1
140,6596,721.01,172.38,17.23,35.56,1,-1,-1,-1
140,6578,575.41,169.80,7.03,16.50,1,-1,-1,-1
141,6597,622.62,169.38,10.22,26.34,1,-1,-1,-1
141,6578,574.62,169.96,6.92,15.84,1,-1,-1,-1
142,6597,621.63,166.83,10.92,27.85,1,-1,-1,-1
144,6596,725.51,172.74,19.82,36.78,1,-1,-1,-1
145,6606,464.28,169.27,11.47,37.39,1,-1,-1,-1
145,6605,574.38,167.30,6.77,16.54,1,-1,-1,-1
145,6596,728.06,172.37,19.68,37.90,1,-1,-1,-1
146,6606,462.32,167.20,12.47,40.11,1,-1,-1,-1
146,6605,574.00,167.65,6.63,16.73,1,-1,-1,-1
146,6596,729.84,173.44,19.43,38.08,1,-1,-1,-1
147,6608,470.37,168.58,8.62,36.54,1,-1,-1,-1
147,6606,461.36,166.69,12.62,40.60,1,-1,-1,-1
147,6605,574.03,166.95,7.05,17.48,1,-1,-1,-1
148,6606,460.57,167.48,13.21,41.19,1,-1,-1,-1
148,6605,574.73,168.65,6.73,16.66,1,-1,-1,-1
149,6606,458.75,168.83,13.71,40.71,1,-1,-1,-1
149,6605,574.63,169.69,7.10,17.04,1,-1,-1,-1
150,6617,618.18,169.72,7.15,17.26,1,-1,-1,-1
150,6616,762.15,175.71,15.07,40.64,1,-1,-1,-1
150,6606,456.81,168.56,14.38,41.53,1,-1,-1,-1
150,6605,574.87,169.53,7.11,17.35,1,-1,-1,-1
150,6596,744.65,179.23,17.61,39.11,1,-1,-1,-1
151,6616,765.29,174.50,15.49,41.57,1,-1,-1,-1
151,6606,455.63,167.65,14.93,42.37,1,-1,-1,-1
151,6605,574.95,167.97,7.29,18.14,1,-1,-1,-1
152,6616,769.11,171.73,16.11,43.23,1,-1,-1,-1
152,6606,454.48,165.07,16.48,44.99,1,-1,-1,-1
152,6605,574.54,167.29,7.87,18.88,1,-1,-1,-1
153,6616,772.80,172.53,14.93,41.76,1,-1,-1,-1
153,6606,452.22,164.14,16.53,45.27,1,-1,-1,-1
153,6605,574.32,167.06,7.70,18.76,1,-1,-1,-1
154,6606,451.44,160.14,16.40,46.13,1,-1,-1,-1
154,6605,574.19,164.72,7.71,18.57,1,-1,-1,-1
155,6606,449.38,158.12,16.37,46.00,1,-1,-1,-1
155,6605,574.28,163.37,7.75,18.42,1,-1,-1,-1
156,6606,447.26,158.18,16.73,45.72,1,-1,-1,-1
156,6605,574.17,163.81,7.74,18.22,1,-1,-1,-1
157,6606,445.01,159.24,17.80,45.58,1,-1,-1,-1
157,6605,574.04,164.50,7.79,18.44,1,-1,-1,-1
158,6606,442.41,160.74,18.30,45.99,1,-1,-1,-1
158,6605,573.62,164.79,7.93,19.14,1,-1,-1,-1
159,6627,554.91,168.15,9.41,26.03,1,-1,-1,-1
159,6606,440.17,160.38,18.91,47.40,1,-1,-1,-1
159,6605,573.18,164.84,8.04,19.77,1,-1,-1,-1
160,6627,554.39,167.83,9.26,25.77,1,-1,-1,-1
160,6606,438.72,161.06,18.42,47.05,1,-1,-1,-1
160,6605,572.40,164.52,8.35,20.51,1,-1,-1,-1
161,6633,789.50,172.61,20.48,45.36,1,-1,-1,-1
161,6627,553.96,168.68,9.26,25.80,1,-1,-1,-1
161,6606,438.00,162.69,17.08,47.06,1,-1,-1,-1
161,6605,571.91,166.46,8.17,20.40,1,-1,-1,-1
162,6636,770.19,177.80,23.00,47.52,1,-1,-1,-1
162,6633,792.71,172.48,21.65,46.61,1,-1,-1,-1
162,6632,632.61,168.43,14.40,32.90,1,-1,-1,-1
162,6605,571.05,166.74,8.16,20.46,1,-1,-1,-1
163,6633,796.22,175.01,22.04,46.33,1,-1,-1,-1
163,6632,633.86,169.28,14.49,33.39,1,-1,-1,-1
163,6605,570.77,167.49,8.10,20.25,1,-1,-1,-1
164,6633,801.06,176.13,22.23,47.60,1,-1,-1,-1
164,6632,634.85,169.93,14.93,34.75,1,-1,-1,-1
164,6605,570.73,169.81,7.74,19.83,1,-1,-1,-1
165,6632,635.95,170.75,15.56,35.83,1,-1,-1,-1
165,6605,570.74,170.74,7.85,19.85,1,-1,-1,-1
166,6641,607.49,171.72,8.14,18.25,1,-1,-1,-1
166,6636,783.68,183.57,18.89,26.41,1,-1,-1,-1
166,6632,636.60,169.88,16.35,36.93,1,-1,-1,-1
166,6605,570.48,170.28,8.02,19.89,1,-1,-1,-1
167,6641,605.98,168.40,8.86,18.50,1,-1,-1,-1
167,6632,637.39,166.78,16.69,38.54,1,-1,-1,-1
167,6605,570.05,167.86,8.38,20.64,1,-1,-1,-1
168,6632,637.31,164.09,17.75,40.46,1,-1,-1,-1
168,6605,568.90,166.32,8.57,21.00,1,-1,-1,-1
169,6632,637.54,161.60,18.14,42.12,1,-1,-1,-1
169,6605,568.48,165.63,8.78,21.37,1,-1,-1,-1
170,6648,560.09,166.52,8.23,20.26,1,-1,-1,-1
170,6632,638.61,160.29,18.19,43.84,1,-1,-1,-1
170,6605,567.77,165.21,8.94,21.80,1,-1,-1,-1
171,6648,559.17,165.31,7.85,19.54,1,-1,-1,-1
171,6641,597.86,160.57,11.53,23.82,1,-1,-1,-1
171,6632,639.43,160.01,17.61,43.93,1,-1,-1,-1
171,6605,566.82,163.61,8.95,21.92,1,-1,-1,-1
172,6641,595.58,161.40,10.59,22.32,1,-1,-1,-1
172,6632,639.58,159.10,17.56,43.38,1,-1,-1,-1
172,6605,565.22,162.48,8.77,22.05,1,-1,-1,-1
173,6652,614.10,163.80,7.35,13.62,1,-1,-1,-1
173,6641,592.18,160.82,11.07,23.05,1,-1,-1,-1
173,6632,638.55,160.96,17.03,42.48,1,-1,-1,-1
173,6605,563.12,162.82,8.77,22.21,1,-1,-1,-1
174,6653,598.39,165.53,6.77,16.81,1,-1,-1,-1
174,6641,588.70,163.90,10.71,22.01,1,-1,-1,-1
174,6632,636.80,164.51,16.54,41.01,1,-1,-1,-1
175,6632,633.43,162.80,15.56,40.43,1,-1,-1,-1
176,6632,629.03,161.28,16.81,42.54,1,-1,-1,-1
177,6659,614.41,173.11,12.06,29.27,1,-1,-1,-1
177,6632,625.74,163.64,17.57,41.43,1,-1,-1,-1
178,6659,608.21,175.62,12.86,29.79,1,-1,-1,-1
178,6632,621.41,165.79,16.94,40.20,1,-1,-1,-1
179,6662,879.45,192.02,41.10,53.77,1,-1,-1,-1
179,6632,619.31,165.78,14.83,39.05,1,-1,-1,-1
181,6667,854.18,187.78,26.58,53.05,1,-1,-1,-1
182,6669,591.20,163.09,14.86,43.21,1,-1,-1,-1
182,6667,850.62,186.78,26.31,53.12,1,-1,-1,-1
183,6669,582.63,164.94,13.97,41.35,1,-1,-1,-1
183,6667,843.92,187.00,26.89,54.62,1,-1,-1,-1
187,6667,832.41,186.47,27.02,51.98,1,-1,-1,-1
188,6692,546.43,169.31,16.66,40.85,1,-1,-1,-1
188,6688,564.98,167.37,16.97,36.86,1,-1,-1,-1
188,6667,836.24,187.53,27.67,52.67,1,-1,-1,-1
189,6697,475.22,168.56,10.12,24.89,1,-1,-1,-1
189,6695,466.30,170.32,10.68,28.49,1,-1,-1,-1
189,6694,499.98,169.21,9.13,22.05,1,-1,-1,-1
189,6692,546.49,174.27,16.62,39.14,1,-1,-1,-1
189,6688,568.60,168.13,17.95,36.58,1,-1,-1,-1
190,6697,478.17,169.62,10.28,25.11,1,-1,-1,-1
190,6695,468.87,170.68,11.15,29.19,1,-1,-1,-1
190,6694,501.94,170.42,9.84,22.37,1,-1,-1,-1
190,6692,548.16,179.42,16.80,36.13,1,-1,-1,-1
190,6688,571.32,171.01,19.03,36.70,1,-1,-1,-1
191,6697,481.78,169.91,9.70,24.00,1,-1,-1,-1
191,6695,472.75,169.48,11.39,30.14,1,-1,-1,-1
191,6694,504.63,169.73,10.39,23.24,1,-1,-1,-1
191,6692,553.43,175.45,16.97,39.08,1,-1,-1,-1
191,6688,574.42,170.52,19.07,35.88,1,-1,-1,-1
192,6697,486.36,169.83,9.94,24.39,1,-1,-1,-1
192,6694,509.25,169.74,10.24,23.95,1,-1,-1,-1
192,6692,560.39,174.32,16.23,39.18,1,-1,-1,-1
193,6701,888.95,194.33,32.63,60.75,1,-1,-1,-1
193,6697,487.98,172.79,10.13,25.02,1,-1,-1,-1
194,6701,903.83,194.18,32.28,61.47,1,-1,-1,-1
195,6701,914.99,196.52,35.66,65.24,1,-1,-1,-1
196,6701,929.93,197.75,38.06,67.63,1,-1,-1,-1
197,6715,995.96,196.01,44.92,66.66,1,-1,-1,-1
197,6701,947.78,198.94,39.75,69.36,1,-1,-1,-1
198,6715,1021.18,197.64,40.77,61.55,1,-1,-1,-1
198,6701,966.53,200.42,41.36,70.97,1,-1,-1,-1
199,6701,985.93,198.93,43.07,73.83,1,-1,-1,-1
200,6714,625.28,188.50,13.22,33.63,1,-1,-1,-1
200,6701,1009.16,200.43,44.34,75.01,1,-1,-1,-1
201,6714,634.44,188.17,11.82,32.23,1,-1,-1,-1
201,6701,1034.04,202.15,45.65,76.00,1,-1,-1,-1
202,6701,1059.54,203.36,45.57,76.30,1,-1,-1,-1
206,6750,683.54,181.15,20.07,47.61,1,-1,-1,-1
207,6750,694.56,182.55,19.76,48.18,1,-1,-1,-1
208,6766,725.32,168.11,15.11,46.12,1,-1,-1,-1
208,6750,702.86,182.40,21.29,51.23,1,-1,-1,-1
209,6766,728.60,173.84,11.76,37.13,1,-1,-1,-1
209,6750,710.38,184.31,21.37,51.79,1,-1,-1,-1
210,6768,626.55,175.91,13.76,33.44,1,-1,-1,-1
210,6750,714.75,186.57,21.36,51.60,1,-1,-1,-1
211,6775,645.81,178.42,9.93,24.46,1,-1,-1,-1
211,6768,628.35,174.96,14.07,34.61,1,-1,-1,-1
211,6750,720.05,186.82,22.22,52.19,1,-1,-1,-1
212,6780,759.65,177.83,11.73,29.95,1,-1,-1,-1
212,6779,679.44,179.12,8.42,18.47,1,-1,-1,-1
212,6775,646.61,177.93,10.00,24.76,1,-1,-1,-1
212,6768,630.81,175.64,14.07,33.79,1,-1,-1,-1
212,6750,729.51,188.34,20.53,52.00,1,-1,-1,-1
213,6784,626.41,178.69,7.42,20.11,1,-1,-1,-1
213,6783,701.23,179.75,8.17,15.98,1,-1,-1,-1
213,6782,748.96,179.29,9.71,25.45,1,-1,-1,-1
213,6780,759.69,177.09,12.38,31.58,1,-1,-1,-1
213,6779,679.33,180.64,8.06,17.52,1,-1,-1,-1
213,6775,646.63,178.78,10.76,26.86,1,-1,-1,-1
213,6768,633.22,182.26,13.13,29.89,1,-1,-1,-1
213,6750,732.42,190.14,21.96,53.80,1,-1,-1,-1
214,6784,627.60,178.06,7.00,20.17,1,-1,-1,-1
214,6783,701.99,179.01,8.49,16.70,1,-1,-1,-1
214,6782,750.83,178.24,10.33,27.87,1,-1,-1,-1
214,6780,762.21,177.74,12.00,30.59,1,-1,-1,-1
214,6775,646.59,179.14,10.62,27.10,1,-1,-1,-1
214,6768,633.41,182.44,12.73,29.62,1,-1,-1,-1
214,6750,732.57,191.38,22.01,54.81,1,-1,-1,-1
215,6783,702.05,177.64,8.53,16.69,1,-1,-1,-1
215,6782,751.89,176.14,10.00,26.87,1,-1,-1,-1
215,6780,763.14,176.38,11.40,29.73,1,-1,-1,-1
215,6775,646.01,177.94,10.79,27.82,1,-1,-1,-1
215,6768,634.75,179.82,12.58,30.51,1,-1,-1,-1
215,6750,733.00,190.24,24.08,57.14,1,-1,-1,-1
216,6793,786.10,170.83,33.52,71.52,1,-1,-1,-1
216,6783,700.66,175.88,8.66,16.64,1,-1,-1,-1
216,6782,751.17,171.39,12.00,29.72,1,-1,-1,-1
216,6780,763.60,174.20,11.40,30.45,1,-1,-1,-1
216,6775,644.34,176.84,11.07,28.67,1,-1,-1,-1
216,6768,634.55,178.63,12.67,31.53,1,-1,-1,-1
216,6750,733.64,190.02,25.67,58.12,1,-1,-1,-1
217,6800,707.45,173.36,7.88,16.07,1,-1,-1,-1
217,6796,780.73,174.88,12.14,25.43,1,-1,-1,-1
217,6793,791.07,164.57,34.70,72.34,1,-1,-1,-1
217,6783,699.81,173.07,8.30,16.23,1,-1,-1,-1
217,6782,751.57,169.75,13.51,30.71,1,-1,-1,-1
217,6780,763.80,171.08,11.47,33.17,1,-1,-1,-1
217,6775,642.14,172.70,11.58,30.35,1,-1,-1,-1
217,6768,634.62,175.98,11.80,31.43,1,-1,-1,-1
217,6750,741.40,188.40,24.66,58.41,1,-1,-1,-1
218,6796,780.28,172.77,12.53,25.74,1,-1,-1,-1
218,6793,800.46,163.06,33.01,67.93,1,-1,-1,-1
218,6783,698.30,170.43,8.32,16.44,1,-1,-1,-1
218,6782,748.74,163.80,16.88,33.76,1,-1,-1,-1
218,6780,764.38,166.97,11.36,33.34,1,-1,-1,-1
218,6775,640.42,171.49,11.76,32.06,1,-1,-1,-1
218,6768,633.18,173.24,11.70,32.42,1,-1,-1,-1
218,6750,742.96,184.12,25.80,62.21,1,-1,-1,-1
219,6797,685.54,168.02,7.08,19.77,1,-1,-1,-1
219,6796,779.86,171.43,11.95,25.18,1,-1,-1,-1
219,6793,800.20,163.91,41.24,85.04,1,-1,-1,-1
219,6783,696.17,169.01,8.11,16.62,1,-1,-1,-1
219,6780,764.28,165.86,11.27,32.60,1,-1,-1,-1
219,6775,638.32,169.54,11.45,32.94,1,-1,-1,-1
219,6768,632.14,170.31,12.39,33.99,1,-1,-1,-1
219,6750,750.79,188.89,24.86,60.38,1,-1,-1,-1
220,6806,746.18,176.61,29.54,73.61,1,-1,-1,-1
220,6804,615.10,165.79,15.53,36.55,1,-1,-1,-1
220,6797,682.54,167.63,7.24,20.53,1,-1,-1,-1
220,6793,802.17,160.60,47.48,98.46,1,-1,-1,-1
220,6783,693.67,167.83,8.17,17.02,1,-1,-1,-1
220,6768,630.20,169.38,12.99,34.95,1,-1,-1,-1
221,6808,590.54,167.41,8.11,14.79,1,-1,-1,-1
221,6806,750.84,178.39,30.02,74.90,1,-1,-1,-1
221,6804,612.18,167.15,15.31,37.08,1,-1,-1,-1
221,6797,680.29,168.31,6.79,19.89,1,-1,-1,-1
221,6783,691.44,167.94,7.79,16.74,1,-1,-1,-1
221,6768,626.69,170.41,12.95,35.10,1,-1,-1,-1
222,6808,587.62,170.18,8.40,15.36,1,-1,-1,-1
222,6806,754.01,179.18,31.95,78.29,1,-1,-1,-1
222,6804,608.97,169.67,15.65,37.80,1,-1,-1,-1
222,6797,678.13,170.47,6.65,19.98,1,-1,-1,-1
222,6782,743.27,164.83,14.91,33.22,1,-1,-1,-1
222,6768,623.59,171.92,13.26,35.61,1,-1,-1,-1
223,6806,758.78,177.52,32.63,83.03,1,-1,-1,-1
223,6804,605.33,171.96,16.30,39.04,1,-1,-1,-1
223,6797,675.45,172.98,6.82,20.62,1,-1,-1,-1
223,6782,741.53,167.68,14.87,34.58,1,-1,-1,-1
223,6768,622.27,174.20,12.88,35.92,1,-1,-1,-1
224,6806,758.41,181.01,35.52,87.96,1,-1,-1,-1
224,6804,602.60,173.63,15.71,38.92,1,-1,-1,-1
224,6797,673.31,174.49,6.87,20.96,1,-1,-1,-1
224,6782,740.35,168.93,14.83,35.96,1,-1,-1,-1
224,6768,617.92,175.42,13.74,36.85,1,-1,-1,-1
225,6814,681.03,175.38,8.56,17.30,1,-1,-1,-1
225,6806,761.86,184.11,37.46,92.32,1,-1,-1,-1
225,6805,647.63,176.44,9.89,19.48,1,-1,-1,-1
225,6804,600.25,173.50,16.30,39.84,1,-1,-1,-1
225,6797,671.76,175.13,7.21,21.86,1,-1,-1,-1
225,6782,740.88,169.47,14.61,36.38,1,-1,-1,-1
225,6768,616.61,175.69,13.79,37.24,1,-1,-1,-1
226,6814,680.44,174.18,8.37,16.92,1,-1,-1,-1
226,6806,769.52,181.76,40.53,99.48,1,-1,-1,-1
226,6805,645.44,176.54,9.87,18.81,1,-1,-1,-1
226,6804,598.93,172.80,16.59,40.82,1,-1,-1,-1
226,6797,670.55,174.19,7.33,22.05,1,-1,-1,-1
226,6782,742.31,169.09,13.96,36.77,1,-1,-1,-1
226,6768,615.54,175.16,13.77,37.99,1,-1,-1,-1
227,6819,870.83,157.84,58.19,111.80,1,-1,-1,-1
227,6818,759.10,168.40,13.10,35.35,1,-1,-1,-1
227,6814,679.94,172.31,8.38,17.14,1,-1,-1,-1
227,6806,780.33,180.56,41.75,104.52,1,-1,-1,-1
227,6805,641.83,175.26,9.55,18.89,1,-1,-1,-1
227,6804,596.63,171.05,17.67,42.40,1,-1,-1,-1
227,6797,669.13,173.01,7.41,22.53,1,-1,-1,-1
227,6782,743.52,168.27,13.78,37.14,1,-1,-1,-1
227,6768,614.31,174.13,14.25,38.33,1,-1,-1,-1
228,6821,584.93,171.96,12.51,34.87,1,-1,-1,-1
228,6819,883.33,161.38,58.68,115.88,1,-1,-1,-1
228,6818,760.47,168.48,12.78,35.98,1,-1,-1,-1
228,6814,678.36,172.31,8.67,17.74,1,-1,-1,-1
228,6806,787.64,181.01,45.73,112.57,1,-1,-1,-1
228,6804,594.48,169.72,18.39,44.18,1,-1,-1,-1
228,6797,667.92,172.58,7.79,23.56,1,-1,-1,-1
228,6782,744.35,168.38,13.57,37.44,1,-1,-1,-1
228,6768,612.82,174.09,14.86,39.09,1,-1,-1,-1
229,6821,585.11,173.13,12.56,35.65,1,-1,-1,-1
229,6818,762.20,169.54,12.31,36.16,1,-1,-1,-1
229,6814,677.29,173.41,8.52,17.97,1,-1,-1,-1
229,6804,593.16,170.69,18.78,44.67,1,-1,-1,-1
229,6797,667.42,173.55,7.66,23.68,1,-1,-1,-1
229,6782,745.30,168.85,13.46,38.11,1,-1,-1,-1
229,6768,611.72,175.45,15.21,39.36,1,-1,-1,-1
230,6821,583.89,173.74,12.60,35.90,1,-1,-1,-1
230,6818,763.36,170.18,13.60,37.80,1,-1,-1,-1
230,6814,676.08,174.63,8.16,17.44,1,-1,-1,-1
230,6804,591.70,172.04,18.76,44.71,1,-1,-1,-1
230,6797,666.34,175.09,7.45,23.15,1,-1,-1,-1
230,6782,746.30,169.53,13.43,38.84,1,-1,-1,-1
230,6768,609.99,176.17,16.21,40.00,1,-1,-1,-1
231,6818,762.71,170.86,14.35,38.96,1,-1,-1,-1
231,6814,674.12,175.57,8.20,17.18,1,-1,-1,-1
231,6804,588.72,173.03,18.96,44.66,1,-1,-1,-1
231,6797,663.80,175.52,7.47,23.38,1,-1,-1,-1
231,6782,745.13,170.57,14.13,39.23,1,-1,-1,-1
231,6768,608.01,177.22,16.09,40.10,1,-1,-1,-1
232,6829,597.63,174.60,9.37,39.74,1,-1,-1,-1
232,6825,776.47,178.21,10.99,29.24,1,-1,-1,-1
232,6818,761.30,169.38,16.09,41.50,1,-1,-1,-1
232,6814,671.21,176.03,8.16,17.26,1,-1,-1,-1
232,6804,584.27,173.29,19.17,45.24,1,-1,-1,-1
232,6797,661.10,176.04,7.51,23.22,1,-1,-1,-1
232,6782,744.47,171.33,13.61,39.39,1,-1,-1,-1
232,6768,604.24,177.77,16.25,40.91,1,-1,-1,-1
233,6833,561.17,174.37,10.89,41.88,1,-1,-1,-1
233,6829,593.82,175.91,8.94,38.79,1,-1,-1,-1
233,6825,775.26,180.13,10.07,27.88,1,-1,-1,-1
233,6818,760.88,168.32,16.67,42.97,1,-1,-1,-1
233,6814,667.15,176.14,8.24,17.98,1,-1,-1,-1
233,6804,579.83,173.73,19.36,46.50,1,-1,-1,-1
233,6797,657.72,176.01,7.66,23.81,1,-1,-1,-1
233,6782,742.10,171.04,14.23,40.34,1,-1,-1,-1
233,6768,598.85,177.74,16.70,41.37,1,-1,-1,-1
234,6836,622.67,178.75,7.28,17.76,1,-1,-1,-1
234,6835,875.23,179.61,87.10,184.98,1,-1,-1,-1
234,6833,555.64,175.27,12.57,45.19,1,-1,-1,-1
234,6829,589.61,176.75,8.46,38.48,1,-1,-1,-1
234,6825,773.72,180.99,9.52,27.21,1,-1,-1,-1
234,6818,759.85,168.29,17.10,43.77,1,-1,-1,-1
234,6814,663.30,176.06,8.74,18.97,1,-1,-1,-1
234,6804,574.69,173.97,20.16,47.97,1,-1,-1,-1
234,6797,654.10,176.09,7.76,24.26,1,-1,-1,-1
234,6782,740.20,170.46,14.40,41.44,1,-1,-1,-1
234,6768,594.99,177.78,16.21,42.07,1,-1,-1,-1
235,6837,752.72,173.70,6.67,27.42,1,-1,-1,-1
235,6835,914.11,187.42,90.61,189.32,1,-1,-1,-1
235,6833,550.11,175.66,13.47,47.50,1,-1,-1,-1
235,6829,585.94,178.69,8.53,38.83,1,-1,-1,-1
235,6827,784.17,170.34,17.29,41.05,1,-1,-1,-1
235,6825,772.33,179.81,9.29,27.95,1,-1,-1,-1
235,6818,758.53,169.22,16.41,43.88,1,-1,-1,-1
235,6814,659.55,176.17,8.96,19.31,1,-1,-1,-1
235,6804,569.44,174.88,20.79,49.18,1,-1,-1,-1
235,6797,650.22,176.20,7.91,24.30,1,-1,-1,-1
235,6782,738.80,171.34,14.50,42.05,1,-1,-1,-1
235,6768,590.59,178.17,16.00,42.50,1,-1,-1,-1
236,6840,1105.12,153.66,130.85,223.70,1,-1,-1,-1
236,6835,951.18,189.67,100.62,192.47,1,-1,-1,-1
236,6833,542.84,176.20,14.63,50.37,1,-1,-1,-1
236,6829,581.75,180.49,9.55,39.69,1,-1,-1,-1
236,6825,770.04,182.12,9.23,27.45,1,-1,-1,-1
236,6818,757.28,170.70,15.97,43.89,1,-1,-1,-1
236,6814,655.87,177.21,9.05,19.80,1,-1,-1,-1
236,6804,563.81,175.40,20.93,49.64,1,-1,-1,-1
236,6797,646.84,177.52,8.24,24.56,1,-1,-1,-1
236,6782,736.52,171.19,15.08,43.67,1,-1,-1,-1
236,6768,586.06,179.20,16.60,42.96,1,-1,-1,-1
237,6840,1152.00,160.09,106.42,207.51,1,-1,-1,-1
237,6835,1011.31,187.08,111.90,178.68,1,-1,-1,-1
237,6833,537.06,176.24,16.03,52.49,1,-1,-1,-1
237,6829,576.80,181.45,9.53,39.46,1,-1,-1,-1
237,6825,769.24,182.76,9.59,28.16,1,-1,-1,-1
237,6818,755.98,171.41,16.29,44.78,1,-1,-1,-1
237,6814,652.46,177.76,8.93,19.81,1,-1,-1,-1
237,6804,558.28,175.68,21.28,50.75,1,-1,-1,-1
237,6797,643.17,177.81,8.53,25.02,1,-1,-1,-1
237,6782,735.52,171.46,15.69,44.76,1,-1,-1,-1
237,6768,581.54,179.86,17.06,43.80,1,-1,-1,-1
238,6835,1084.50,189.89,125.75,176.05,1,-1,-1,-1
238,6833,531.31,175.44,15.75,53.57,1,-1,-1,-1
238,6829,570.27,179.05,11.08,41.89,1,-1,-1,-1
238,6825,768.31,180.80,9.38,29.00,1,-1,-1,-1
238,6818,754.04,170.51,16.87,45.91,1,-1,-1,-1
238,6814,648.34,177.43,8.80,19.94,1,-1,-1,-1
238,6804,551.91,175.86,21.48,51.84,1,-1,-1,-1
238,6797,639.08,177.02,8.74,25.88,1,-1,-1,-1
238,6782,734.52,171.23,16.05,45.53,1,-1,-1,-1
238,6768,577.53,179.53,16.68,44.18,1,-1,-1,-1
239,6829,562.95,177.02,11.92,43.90,1,-1,-1,-1
239,6825,766.60,178.08,8.97,30.02,1,-1,-1,-1
239,6818,751.76,168.87,17.42,47.42,1,-1,-1,-1
239,6814,643.36,176.31,8.92,20.33,1,-1,-1,-1
239,6804,544.04,175.13,22.19,54.26,1,-1,-1,-1
239,6797,634.16,176.29,8.64,26.03,1,-1,-1,-1
239,6782,731.50,170.12,16.70,46.68,1,-1,-1,-1
239,6768,571.47,179.20,16.82,45.24,1,-1,-1,-1
240,6825,763.78,178.52,8.42,30.21,1,-1,-1,-1
240,6818,749.38,168.19,17.88,48.39,1,-1,-1,-1
240,6814,638.17,175.75,8.82,20.28,1,-1,-1,-1
240,6804,543.17,174.44,18.58,53.28,1,-1,-1,-1
240,6782,728.38,168.73,17.24,47.65,1,-1,-1,-1
240,6768,565.49,178.03,17.19,46.35,1,-1,-1,-1
241,6825,760.23,174.62,8.75,32.35,1,-1,-1,-1
241,6818,746.08,167.53,17.99,49.52,1,-1,-1,-1
241,6804,540.17,174.46,17.65,53.26,1,-1,-1,-1
241,6782,725.87,166.76,17.74,49.27,1,-1,-1,-1
241,6768,558.97,177.37,17.45,47.59,1,-1,-1,-1
242,6818,742.25,167.48,18.65,50.30,1,-1,-1,-1
242,6804,532.75,175.64,17.13,53.26,1,-1,-1,-1
242,6782,723.21,166.63,17.47,50.23,1,-1,-1,-1
243,6858,502.63,173.38,24.11,65.55,1,-1,-1,-1
243,6818,739.46,168.58,18.44,50.45,1,-1,-1,-1
243,6782,720.94,166.36,18.20,51.77,1,-1,-1,-1
244,6858,492.37,170.79,25.26,70.19,1,-1,-1,-1
244,6855,1149.30,151.26,63.21,135.33,1,-1,-1,-1
244,6818,737.24,168.16,19.53,51.97,1,-1,-1,-1
244,6782,718.73,167.08,18.22,52.48,1,-1,-1,-1
245,6858,480.76,170.65,26.81,74.54,1,-1,-1,-1
245,6818,733.59,167.95,20.92,53.08,1,-1,-1,-1
245,6782,715.38,168.13,18.22,52.73,1,-1,-1,-1
246,6858,466.73,171.45,30.04,78.07,1,-1,-1,-1
246,6818,730.69,167.77,22.00,54.54,1,-1,-1,-1
246,6782,711.75,168.61,18.03,53.69,1,-1,-1,-1
247,6858,452.29,171.64,32.64,81.42,1,-1,-1,-1
247,6818,727.37,168.34,22.33,55.66,1,-1,-1,-1
247,6782,709.81,169.15,17.92,55.08,1,-1,-1,-1
248,6858,438.90,171.01,34.69,84.90,1,-1,-1,-1
248,6818,724.68,168.23,23.27,57.08,1,-1,-1,-1
248,6804,479.39,175.93,21.69,63.58,1,-1,-1,-1
248,6782,707.20,168.83,18.41,56.81,1,-1,-1,-1
249,6887,751.02,171.39,20.48,52.48,1,-1,-1,-1
249,6858,425.86,169.34,35.73,89.04,1,-1,-1,-1
249,6818,722.12,168.38,23.72,58.55,1,-1,-1,-1
249,6804,466.78,176.06,23.75,66.59,1,-1,-1,-1
249,6782,705.65,169.17,18.54,58.20,1,-1,-1,-1
250,6894,487.42,175.98,23.07,60.23,1,-1,-1,-1
250,6858,410.72,169.03,36.80,93.34,1,-1,-1,-1
250,6818,720.77,168.24,24.32,60.21,1,-1,-1,-1
250,6804,456.34,174.71,25.70,70.42,1,-1,-1,-1
250,6782,704.30,168.45,19.72,60.35,1,-1,-1,-1
251,6899,564.92,175.66,9.80,29.71,1,-1,-1,-1
251,6896,577.19,175.96,8.78,21.03,1,-1,-1,-1
251,6894,480.15,177.83,21.38,58.40,1,-1,-1,-1
251,6858,394.32,169.12,37.60,97.73,1,-1,-1,-1
251,6818,719.91,168.14,25.30,62.45,1,-1,-1,-1
251,6804,447.72,175.40,26.49,72.95,1,-1,-1,-1
251,6782,703.97,169.12,20.27,61.66,1,-1,-1,-1
252,6899,560.84,175.55,10.02,31.06,1,-1,-1,-1
252,6896,572.48,176.82,8.76,20.82,1,-1,-1,-1
252,6894,472.44,180.30,21.00,58.58,1,-1,-1,-1
252,6858,376.39,169.92,39.02,102.63,1,-1,-1,-1
252,6818,720.63,168.81,26.50,64.74,1,-1,-1,-1
252,6804,437.69,177.28,28.52,75.42,1,-1,-1,-1
252,6782,703.31,169.27,21.40,63.77,1,-1,-1,-1
253,6899,557.82,176.78,9.83,31.39,1,-1,-1,-1
253,6896,570.06,178.17,9.05,21.07,1,-1,-1,-1
253,6894,465.37,181.65,21.13,59.83,1,-1,-1,-1
253,6858,356.75,170.32,42.10,109.91,1,-1,-1,-1
253,6818,722.15,170.26,26.87,66.99,1,-1,-1,-1
253,6804,428.18,178.74,30.87,79.10,1,-1,-1,-1
253,6782,704.31,170.83,21.78,66.05,1,-1,-1,-1
254,6899,555.57,177.87,9.59,30.15,1,-1,-1,-1
254,6896,568.41,178.64,9.11,21.93,1,-1,-1,-1
254,6894,458.27,181.47,21.95,63.05,1,-1,-1,-1
254,6858,336.86,170.41,45.55,117.92,1,-1,-1,-1
254,6818,725.58,171.49,27.35,69.08,1,-1,-1,-1
254,6804,419.71,179.14,32.59,82.42,1,-1,-1,-1
254,6782,706.49,171.54,22.35,68.31,1,-1,-1,-1
255,6899,554.25,179.05,9.96,31.73,1,-1,-1,-1
255,6896,567.39,179.20,9.36,22.55,1,-1,-1,-1
255,6894,453.66,182.26,20.63,63.23,1,-1,-1,-1
255,6858,312.01,169.89,52.89,128.16,1,-1,-1,-1
255,6818,729.50,171.26,28.14,71.66,1,-1,-1,-1
255,6804,407.45,174.85,37.81,91.69,1,-1,-1,-1
255,6782,709.92,171.59,23.38,70.78,1,-1,-1,-1
256,6913,769.44,178.56,20.30,58.19,1,-1,-1,-1
256,6899,553.38,180.29,10.35,33.18,1,-1,-1,-1
256,6896,566.58,180.13,9.44,22.63,1,-1,-1,-1
256,6894,448.55,182.96,20.97,65.55,1,-1,-1,-1
256,6858,290.07,171.25,58.36,137.69,1,-1,-1,-1
256,6818,735.97,171.47,29.33,74.41,1,-1,-1,-1
256,6804,397.09,176.83,40.37,97.00,1,-1,-1,-1
256,6782,713.68,171.61,24.74,74.23,1,-1,-1,-1
257,6916,437.95,184.06,11.81,35.06,1,-1,-1,-1
257,6915,339.30,174.28,27.93,104.24,1,-1,-1,-1
257,6913,777.38,178.44,22.00,60.51,1,-1,-1,-1
257,6899,553.24,180.02,11.05,35.07,1,-1,-1,-1
257,6896,566.69,180.92,9.54,22.77,1,-1,-1,-1
257,6894,443.22,182.96,21.91,68.24,1,-1,-1,-1
257,6858,268.41,172.78,63.66,148.07,1,-1,-1,-1
257,6818,742.96,170.85,30.24,77.85,1,-1,-1,-1
257,6804,385.46,178.22,40.28,100.92,1,-1,-1,-1
257,6782,718.44,172.01,25.99,76.88,1,-1,-1,-1
258,6915,325.86,175.46,29.66,109.75,1,-1,-1,-1
258,6899,553.76,179.94,10.82,34.84,1,-1,-1,-1
258,6896,567.82,180.67,10.30,23.84,1,-1,-1,-1
258,6894,436.59,183.55,23.59,70.42,1,-1,-1,-1
258,6858,239.08,174.76,69.70,160.84,1,-1,-1,-1
258,6818,750.50,170.35,32.41,81.42,1,-1,-1,-1
258,6804,370.50,179.95,42.48,107.00,1,-1,-1,-1
258,6782,725.31,171.85,27.49,80.51,1,-1,-1,-1
259,6915,312.63,176.70,31.66,115.91,1,-1,-1,-1
259,6894,435.16,183.85,22.99,71.56,1,-1,-1,-1
259,6858,205.82,175.47,75.05,176.33,1,-1,-1,-1
259,6818,761.19,170.94,33.37,83.82,1,-1,-1,-1
259,6804,355.05,181.31,46.21,114.37,1,-1,-1,-1
259,6782,734.03,171.20,28.68,84.06,1,-1,-1,-1
260,6921,386.87,174.18,35.38,103.91,1,-1,-1,-1
260,6915,299.61,177.55,33.07,124.06,1,-1,-1,-1
260,6894,431.28,183.12,23.31,73.66,1,-1,-1,-1
260,6858,162.84,173.65,80.47,190.65,1,-1,-1,-1
260,6818,774.29,168.79,35.35,88.22,1,-1,-1,-1
260,6804,336.49,180.60,53.12,122.96,1,-1,-1,-1
260,6782,744.66,169.81,29.93,87.77,1,-1,-1,-1
261,6921,379.56,171.88,41.23,109.94,1,-1,-1,-1
261,6915,286.05,175.99,35.58,133.71,1,-1,-1,-1
261,6894,427.21,181.87,24.24,76.72,1,-1,-1,-1
261,6818,788.48,166.92,36.30,92.60,1,-1,-1,-1
261,6804,324.27,180.05,55.26,131.24,1,-1,-1,-1
262,6929,571.18,174.75,11.76,39.49,1,-1,-1,-1
262,6927,585.51,174.12,11.52,27.81,1,-1,-1,-1
262,6921,370.76,169.45,48.18,117.34,1,-1,-1,-1
262,6915,270.53,173.33,38.34,143.55,1,-1,-1,-1
262,6894,424.75,181.30,24.62,78.82,1,-1,-1,-1
262,6818,804.89,164.74,37.80,97.00,1,-1,-1,-1
262,6804,307.83,179.45,59.87,143.12,1,-1,-1,-1
263,6929,575.69,173.81,12.48,41.05,1,-1,-1,-1
263,6927,590.79,174.05,12.26,29.83,1,-1,-1,-1
263,6921,362.72,170.60,51.73,122.08,1,-1,-1,-1
263,6915,250.98,172.32,40.88,154.41,1,-1,-1,-1
263,6894,421.33,180.08,25.18,81.93,1,-1,-1,-1
263,6804,282.27,181.32,64.66,156.65,1,-1,-1,-1
264,6934,507.86,178.39,11.79,27.36,1,-1,-1,-1
264,6933,811.61,158.27,45.17,122.41,1,-1,-1,-1
264,6929,580.90,174.16,12.22,40.66,1,-1,-1,-1
264,6927,595.83,175.55,12.70,31.01,1,-1,-1,-1
264,6921,352.99,173.88,56.85,127.21,1,-1,-1,-1
264,6915,231.24,170.98,42.80,166.15,1,-1,-1,-1
264,6894,414.53,178.13,28.52,86.40,1,-1,-1,-1
264,6804,254.65,182.33,69.20,170.89,1,-1,-1,-1
265,6942,447.58,181.97,13.93,40.67,1,-1,-1,-1
265,6934,511.47,176.55,10.85,27.65,1,-1,-1,-1
265,6933,831.95,158.40,49.89,130.15,1,-1,-1,-1
265,6929,585.86,174.96,12.25,40.77,1,-1,-1,-1
265,6927,601.75,174.60,12.04,27.76,1,-1,-1,-1
265,6921,343.04,173.88,61.30,134.51,1,-1,-1,-1
265,6915,208.88,169.12,57.97,195.03,1,-1,-1,-1
265,6894,408.81,177.80,32.15,90.70,1,-1,-1,-1
266,6948,901.94,155.49,63.23,144.86,1,-1,-1,-1
266,6942,446.84,180.81,15.30,44.59,1,-1,-1,-1
266,6933,854.98,154.99,52.80,139.44,1,-1,-1,-1
266,6929,589.89,174.77,12.09,40.93,1,-1,-1,-1
266,6927,606.26,175.17,12.11,27.53,1,-1,-1,-1
266,6921,330.18,173.98,65.70,144.33,1,-1,-1,-1
266,6894,401.89,178.90,36.80,94.05,1,-1,-1,-1
267,6949,578.76,176.72,7.83,19.70,1,-1,-1,-1
267,6948,931.44,155.54,67.17,152.34,1,-1,-1,-1
267,6942,447.56,179.13,15.84,46.82,1,-1,-1,-1
267,6933,881.04,153.93,55.10,147.97,1,-1,-1,-1
267,6929,593.84,174.83,12.38,41.70,1,-1,-1,-1
267,6927,610.42,174.91,12.30,27.16,1,-1,-1,-1
267,6921,314.26,176.34,69.92,155.67,1,-1,-1,-1
267,6894,394.33,178.12,42.13,99.14,1,-1,-1,-1
268,6951,430.68,173.37,16.19,46.33,1,-1,-1,-1
268,6948,968.75,150.34,76.11,165.74,1,-1,-1,-1
268,6942,447.46,178.21,15.57,47.43,1,-1,-1,-1
268,6933,909.80,150.46,58.13,159.22,1,-1,-1,-1
268,6929,597.77,173.46,13.05,43.56,1,-1,-1,-1
268,6927,613.62,177.07,13.51,32.97,1,-1,-1,-1
268,6921,292.22,180.00,74.49,167.07,1,-1,-1,-1
268,6894,385.57,177.11,46.24,102.87,1,-1,-1,-1
269,6951,429.67,173.34,16.97,49.83,1,-1,-1,-1
269,6948,1008.71,146.70,88.67,181.70,1,-1,-1,-1
269,6942,447.61,177.76,15.99,49.28,1,-1,-1,-1
269,6933,941.60,148.62,62.70,173.27,1,-1,-1,-1
269,6929,601.40,173.15,12.88,44.34,1,-1,-1,-1
269,6927,617.88,174.70,13.26,33.11,1,-1,-1,-1
269,6921,258.88,180.07,84.66,183.22,1,-1,-1,-1
269,6894,379.94,175.57,46.61,106.07,1,-1,-1,-1
270,6951,429.87,173.14,16.17,50.47,1,-1,-1,-1
270,6948,1059.68,144.21,101.27,199.93,1,-1,-1,-1
270,6942,446.75,177.65,15.84,50.11,1,-1,-1,-1
270,6933,980.28,146.18,70.01,191.46,1,-1,-1,-1
270,6929,604.01,172.13,14.12,46.54,1,-1,-1,-1
270,6927,621.57,173.21,13.05,32.15,1,-1,-1,-1
270,6921,216.77,177.75,93.42,195.26,1,-1,-1,-1
270,6894,370.97,176.78,47.16,109.87,1,-1,-1,-1
271,6959,521.35,174.20,11.65,30.97,1,-1,-1,-1
271,6951,427.88,172.66,17.10,53.76,1,-1,-1,-1
271,6948,1114.74,142.73,111.22,221.13,1,-1,-1,-1
271,6942,446.40,177.31,15.81,51.68,1,-1,-1,-1
271,6933,1026.44,144.93,78.49,213.00,1,-1,-1,-1
271,6929,607.30,171.13,14.42,47.84,1,-1,-1,-1
271,6927,625.76,172.47,12.81,31.29,1,-1,-1,-1
271,6921,153.39,172.06,110.69,206.43,1,-1,-1,-1
271,6894,360.72,178.34,48.99,113.80,1,-1,-1,-1
272,6959,523.04,174.13,11.94,31.34,1,-1,-1,-1
272,6952,514.85,177.08,9.59,26.91,1,-1,-1,-1
272,6951,426.40,171.56,19.21,57.48,1,-1,-1,-1
272,6948,1171.72,147.65,90.80,219.45,1,-1,-1,-1
272,6942,445.60,177.01,16.68,53.23,1,-1,-1,-1
272,6929,611.89,171.72,13.95,48.09,1,-1,-1,-1
272,6927,629.43,172.71,12.74,30.21,1,-1,-1,-1
272,6921,71.57,171.70,135.03,210.89,1,-1,-1,-1
272,6894,351.48,178.77,50.20,118.66,1,-1,-1,-1
273,6961,382.90,182.10,32.21,68.09,1,-1,-1,-1
273,6959,524.93,176.66,11.45,30.64,1,-1,-1,-1
273,6952,516.61,178.26,9.37,27.02,1,-1,-1,-1
273,6951,424.11,172.42,20.71,60.32,1,-1,-1,-1
273,6942,444.53,177.39,16.93,55.08,1,-1,-1,-1
273,6929,616.02,172.59,14.35,49.19,1,-1,-1,-1
273,6927,633.80,173.48,13.41,30.03,1,-1,-1,-1
273,6894,340.15,178.93,52.06,124.11,1,-1,-1,-1
274,6961,375.73,184.66,34.62,66.79,1,-1,-1,-1
274,6959,526.65,178.82,11.11,30.21,1,-1,-1,-1
274,6952,518.52,180.42,9.63,27.56,1,-1,-1,-1
274,6951,422.75,173.44,21.05,62.22,1,-1,-1,-1
274,6942,443.54,179.61,16.91,56.41,1,-1,-1,-1
274,6929,620.09,174.66,14.77,49.96,1,-1,-1,-1
274,6927,637.94,175.46,13.95,30.48,1,-1,-1,-1
274,6894,328.01,181.24,55.34,130.72,1,-1,-1,-1
275,6969,490.48,182.81,9.05,24.59,1,-1,-1,-1
275,6961,363.17,186.82,38.88,70.70,1,-1,-1,-1
275,6951,421.45,176.02,20.95,63.25,1,-1,-1,-1
275,6942,442.66,180.13,17.99,59.79,1,-1,-1,-1
275,6929,624.58,176.37,15.30,51.61,1,-1,-1,-1
275,6927,642.77,178.20,14.49,32.61,1,-1,-1,-1
275,6894,313.80,186.11,59.45,136.01,1,-1,-1,-1
276,6969,492.46,184.77,8.70,22.90,1,-1,-1,-1
276,6967,401.73,197.65,15.92,52.27,1,-1,-1,-1
276,6951,420.52,177.41,20.80,65.01,1,-1,-1,-1
276,6942,441.21,181.49,18.87,62.08,1,-1,-1,-1
276,6929,628.80,177.70,15.44,52.57,1,-1,-1,-1
276,6927,647.58,179.57,14.32,32.59,1,-1,-1,-1
276,6894,299.14,189.85,63.35,142.88,1,-1,-1,-1
277,6969,494.44,185.81,8.24,21.83,1,-1,-1,-1
277,6951,417.55,177.88,21.32,66.89,1,-1,-1,-1
277,6942,438.34,181.31,20.79,64.42,1,-1,-1,-1
277,6929,633.18,178.55,15.82,54.11,1,-1,-1,-1
277,6927,652.27,180.91,14.43,34.39,1,-1,-1,-1
277,6894,282.36,190.13,67.81,150.85,1,-1,-1,-1
278,6973,469.29,184.24,7.96,18.84,1,-1,-1,-1
278,6969,496.61,184.15,8.74,23.45,1,-1,-1,-1
278,6959,532.57,183.33,12.69,30.64,1,-1,-1,-1
278,6952,525.24,183.35,10.69,29.18,1,-1,-1,-1
278,6951,414.09,177.03,22.31,68.83,1,-1,-1,-1
278,6942,436.77,181.02,22.94,66.18,1,-1,-1,-1
278,6929,637.86,177.59,16.09,55.58,1,-1,-1,-1
278,6927,656.67,178.87,14.50,33.63,1,-1,-1,-1
278,6894,259.79,188.65,73.33,161.82,1,-1,-1,-1
279,6973,471.69,182.08,7.60,18.66,1,-1,-1,-1
279,6969,498.63,179.30,8.61,24.31,1,-1,-1,-1
279,6959,534.12,180.08,13.41,31.96,1,-1,-1,-1
279,6951,411.29,174.17,22.84,71.19,1,-1,-1,-1
279,6942,435.35,178.16,24.98,69.03,1,-1,-1,-1
279,6929,642.67,175.20,16.86,57.73,1,-1,-1,-1
279,6927,661.28,176.68,15.08,34.64,1,-1,-1,-1
279,6894,231.53,186.73,81.87,174.21,1,-1,-1,-1
280,6959,534.81,178.16,14.04,32.41,1,-1,-1,-1
280,6951,407.54,172.34,23.63,74.03,1,-1,-1,-1
280,6942,431.65,177.05,25.44,70.72,1,-1,-1,-1
280,6929,647.39,173.45,17.38,59.18,1,-1,-1,-1
280,6927,665.12,174.27,14.64,34.18,1,-1,-1,-1
280,6894,200.16,186.11,89.23,182.08,1,-1,-1,-1
281,6959,538.11,177.38,13.46,32.24,1,-1,-1,-1
281,6951,402.87,171.74,24.12,76.46,1,-1,-1,-1
281,6942,427.59,177.44,24.81,72.75,1,-1,-1,-1
281,6929,652.99,173.23,17.61,60.52,1,-1,-1,-1
281,6927,670.90,173.96,14.81,33.91,1,-1,-1,-1
281,6894,159.37,184.08,98.81,186.81,1,-1,-1,-1
282,6982,485.85,175.39,14.47,41.08,1,-1,-1,-1
282,6959,539.98,179.65,13.30,33.16,1,-1,-1,-1
282,6951,398.67,173.06,23.84,78.92,1,-1,-1,-1
282,6942,423.61,179.30,24.51,75.01,1,-1,-1,-1
282,6929,658.15,174.72,18.57,63.03,1,-1,-1,-1
282,6927,676.34,175.08,15.24,33.61,1,-1,-1,-1
282,6894,112.06,183.95,107.28,190.85,1,-1,-1,-1
283,6959,541.01,181.19,13.69,33.55,1,-1,-1,-1
283,6951,394.07,174.20,24.84,82.62,1,-1,-1,-1
283,6942,418.95,180.76,25.32,78.12,1,-1,-1,-1
283,6929,664.49,175.71,19.63,65.79,1,-1,-1,-1
283,6927,681.69,176.12,14.73,33.88,1,-1,-1,-1
283,6894,46.46,181.58,120.28,195.01,1,-1,-1,-1
284,6988,533.90,179.90,11.63,33.62,1,-1,-1,-1
284,6959,542.54,181.57,13.63,33.87,1,-1,-1,-1
284,6951,387.76,174.83,26.06,86.92,1,-1,-1,-1
284,6942,412.68,180.70,26.87,82.58,1,-1,-1,-1
284,6929,670.67,175.94,20.25,68.17,1,-1,-1,-1
284,6927,687.23,176.45,14.02,33.78,1,-1,-1,-1
284,6894,1.94,181.76,108.61,195.82,1,-1,-1,-1
285,6988,534.95,179.45,12.92,35.57,1,-1,-1,-1
285,6980,578.24,174.68,10.66,27.81,1,-1,-1,-1
285,6959,543.81,180.88,13.06,34.13,1,-1,-1,-1
285,6951,379.84,174.20,28.27,91.51,1,-1,-1,-1
285,6942,408.79,180.72,28.20,86.10,1,-1,-1,-1
285,6929,676.67,174.98,21.36,70.82,1,-1,-1,-1
285,6927,693.18,175.66,13.32,33.78,1,-1,-1,-1
286,6988,535.07,177.97,13.81,36.55,1,-1,-1,-1
286,6980,580.94,173.84,10.67,27.85,1,-1,-1,-1
286,6959,545.67,180.18,13.19,34.09,1,-1,-1,-1
286,6951,370.20,172.64,30.61,96.72,1,-1,-1,-1
286,6942,401.12,180.30,29.05,90.25,1,-1,-1,-1
286,6929,683.34,174.06,22.76,73.84,1,-1,-1,-1
286,6927,699.39,175.04,13.15,33.99,1,-1,-1,-1
287,6988,535.65,178.26,13.56,36.22,1,-1,-1,-1
287,6980,584.10,173.62,11.09,28.34,1,-1,-1,-1
287,6959,545.90,180.55,13.51,34.14,1,-1,-1,-1
287,6951,359.41,173.37,33.02,101.38,1,-1,-1,-1
287,6942,392.33,181.30,29.87,94.72,1,-1,-1,-1
287,6929,689.80,174.19,24.68,77.87,1,-1,-1,-1
287,6927,705.84,175.73,12.58,34.10,1,-1,-1,-1
288,6996,576.31,175.40,11.91,29.89,1,-1,-1,-1
288,6995,285.63,211.11,38.60,82.29,1,-1,-1,-1
288,6988,536.02,179.97,13.21,36.04,1,-1,-1,-1
288,6980,586.92,173.81,10.41,28.21,1,-1,-1,-1
288,6951,345.62,173.87,35.18,107.05,1,-1,-1,-1
288,6942,381.70,181.93,32.35,101.03,1,-1,-1,-1
288,6929,696.53,174.40,26.56,81.58,1,-1,-1,-1
288,6927,711.93,175.58,12.24,33.23,1,-1,-1,-1
289,6996,579.00,175.29,11.12,28.88,1,-1,-1,-1
289,6995,262.87,212.90,41.85,89.80,1,-1,-1,-1
289,6988,535.98,179.73,12.78,36.13,1,-1,-1,-1
289,6980,589.72,173.28,10.58,28.49,1,-1,-1,-1
289,6951,330.33,173.10,36.86,113.32,1,-1,-1,-1
289,6942,367.44,181.44,35.56,108.96,1,-1,-1,-1
289,6929,703.99,174.29,27.28,85.40,1,-1,-1,-1
290,6996,582.31,173.61,11.40,29.50,1,-1,-1,-1
290,6995,237.04,215.85,44.24,94.22,1,-1,-1,-1
290,6994,474.59,175.41,17.91,53.15,1,-1,-1,-1
290,6988,535.75,179.12,12.81,36.22,1,-1,-1,-1
290,6980,592.56,173.04,10.52,28.23,1,-1,-1,-1
290,6951,313.38,171.86,40.95,122.27,1,-1,-1,-1
290,6942,351.96,180.57,37.22,116.14,1,-1,-1,-1
290,6929,710.71,172.70,28.78,89.61,1,-1,-1,-1
291,6996,584.41,171.94,11.90,30.09,1,-1,-1,-1
291,6994,468.68,173.24,20.44,58.21,1,-1,-1,-1
291,6988,536.02,177.06,13.22,36.84,1,-1,-1,-1
291,6980,594.88,172.17,10.90,29.26,1,-1,-1,-1
291,6959,547.37,180.63,14.63,34.85,1,-1,-1,-1
291,6951,291.39,170.67,43.18,130.03,1,-1,-1,-1
291,6942,333.11,179.98,40.85,125.17,1,-1,-1,-1
291,6929,719.50,172.28,30.33,93.83,1,-1,-1,-1
292,7002,629.38,178.79,9.80,24.00,1,-1,-1,-1
292,6996,588.05,169.38,11.50,29.60,1,-1,-1,-1
292,6994,465.40,171.20,21.38,59.91,1,-1,-1,-1
292,6988,535.80,175.77,13.30,37.24,1,-1,-1,-1
292,6980,598.09,170.43,11.04,30.31,1,-1,-1,-1
292,6959,547.32,178.87,14.38,35.46,1,-1,-1,-1
292,6942,309.99,179.67,45.69,136.09,1,-1,-1,-1
292,6929,726.64,171.77,33.62,99.33,1,-1,-1,-1
293,7000,501.54,168.09,15.48,50.20,1,-1,-1,-1
293,6996,591.00,168.86,12.42,32.33,1,-1,-1,-1
293,6994,460.77,170.95,22.68,63.17,1,-1,-1,-1
293,6988,535.78,175.37,12.73,37.81,1,-1,-1,-1
293,6980,600.85,169.84,11.01,31.08,1,-1,-1,-1
293,6959,546.76,177.48,14.75,36.97,1,-1,-1,-1
293,6929,736.91,171.31,35.79,104.62,1,-1,-1,-1
294,7005,486.74,170.22,11.96,32.34,1,-1,-1,-1
294,6996,594.38,168.57,12.16,32.26,1,-1,-1,-1
294,6994,454.34,170.93,24.41,67.27,1,-1,-1,-1
294,6988,535.31,174.47,13.31,39.34,1,-1,-1,-1
294,6980,603.39,169.56,11.33,31.66,1,-1,-1,-1
294,6959,546.78,177.55,14.59,37.20,1,-1,-1,-1
294,6929,747.65,170.42,37.51,111.23,1,-1,-1,-1
295,7005,487.20,172.57,10.65,29.78,1,-1,-1,-1
295,6996,598.00,169.17,12.33,32.20,1,-1,-1,-1
295,6988,534.64,173.69,13.94,40.53,1,-1,-1,-1
295,6980,606.04,169.48,11.58,33.37,1,-1,-1,-1
295,6959,546.88,176.73,14.24,38.14,1,-1,-1,-1
295,6929,761.17,170.35,39.76,118.31,1,-1,-1,-1
296,7012,748.02,169.45,23.62,48.20,1,-1,-1,-1
296,6996,600.71,168.51,12.50,32.64,1,-1,-1,-1
296,6988,534.71,173.47,13.90,40.78,1,-1,-1,-1
296,6980,609.29,168.49,11.95,34.84,1,-1,-1,-1
296,6959,547.58,176.70,14.13,38.73,1,-1,-1,-1
296,6929,777.11,169.10,43.39,127.56,1,-1,-1,-1
297,7012,755.08,168.58,24.39,49.66,1,-1,-1,-1
297,7000,491.76,165.17,20.30,62.59,1,-1,-1,-1
297,6996,603.97,167.22,11.93,32.07,1,-1,-1,-1
297,6988,534.46,172.83,13.91,41.76,1,-1,-1,-1
297,6980,612.79,167.79,12.10,34.57,1,-1,-1,-1
297,6959,547.93,176.35,13.93,39.31,1,-1,-1,-1
297,6929,794.40,167.71,46.75,137.31,1,-1,-1,-1
298,7012,761.84,168.36,25.42,51.11,1,-1,-1,-1
298,7000,489.63,163.44,21.48,66.05,1,-1,-1,-1
298,6996,607.46,167.46,11.75,32.79,1,-1,-1,-1
298,6988,534.26,171.02,14.31,43.58,1,-1,-1,-1
298,6980,616.42,167.86,12.07,34.66,1,-1,-1,-1
298,6959,549.09,176.15,13.73,39.45,1,-1,-1,-1
298,6929,816.53,167.46,50.04,148.56,1,-1,-1,-1
299,7012,767.96,168.77,25.87,52.22,1,-1,-1,-1
299,6996,610.23,167.21,12.17,33.88,1,-1,-1,-1
299,6988,533.21,172.91,14.58,43.46,1,-1,-1,-1
299,6980,619.97,168.02,12.00,35.41,1,-1,-1,-1
299,6959,548.63,175.71,14.21,40.16,1,-1,-1,-1
299,6929,842.64,168.45,53.98,162.13,1,-1,-1,-1
300,7012,774.58,169.76,26.94,53.94,1,-1,-1,-1
300,6996,612.57,168.08,12.58,34.93,1,-1,-1,-1
300,6988,531.59,172.81,14.31,44.50,1,-1,-1,-1
300,6980,622.57,169.08,12.67,36.26,1,-1,-1,-1
300,6959,547.13,176.13,14.81,41.33,1,-1,-1,-1
300,6929,870.58,169.64,59.96,178.18,1,-1,-1,-1
301,7012,780.96,170.41,28.21,55.79,1,-1,-1,-1
301,6996,614.54,168.94,13.18,35.57,1,-1,-1,-1
301,6988,529.73,173.14,14.90,45.09,1,-1,-1,-1
301,6980,626.04,169.59,12.13,36.09,1,-1,-1,-1
301,6959,545.02,177.84,14.85,41.93,1,-1,-1,-1
301,6929,903.12,170.11,63.12,190.70,1,-1,-1,-1
302,7012,787.92,170.98,29.29,56.86,1,-1,-1,-1
302,6988,528.16,173.68,15.57,46.30,1,-1,-1,-1
302,6980,628.45,169.90,12.23,36.59,1,-1,-1,-1
302,6959,543.86,179.17,15.00,42.53,1,-1,-1,-1
303,7012,794.30,171.40,30.76,59.53,1,-1,-1,-1
303,6988,525.89,173.68,16.39,47.11,1,-1,-1,-1
303,6980,631.18,170.55,12.43,37.23,1,-1,-1,-1
303,6959,542.75,178.61,15.23,44.03,1,-1,-1,-1
304,7012,801.83,170.87,31.94,61.13,1,-1,-1,-1
304,6988,523.12,174.13,17.15,48.49,1,-1,-1,-1
304,6980,634.09,170.46,12.43,37.96,1,-1,-1,-1
304,6959,541.09,177.92,15.27,45.44,1,-1,-1,-1
305,7012,808.80,171.10,33.64,63.26,1,-1,-1,-1
305,6996,621.99,169.95,13.97,39.22,1,-1,-1,-1
305,6988,520.53,173.71,17.15,50.07,1,-1,-1,-1
305,6980,637.15,168.64,12.76,38.91,1,-1,-1,-1
305,6959,538.73,176.56,15.90,47.39,1,-1,-1,-1
306,7012,817.55,170.93,34.77,65.07,1,-1,-1,-1
306,6996,624.08,168.79,13.85,39.10,1,-1,-1,-1
306,6988,517.41,173.61,17.92,51.15,1,-1,-1,-1
306,6980,639.78,167.69,13.79,40.50,1,-1,-1,-1
306,6959,536.29,176.18,16.66,49.04,1,-1,-1,-1
307,7042,472.46,170.14,13.77,38.87,1,-1,-1,-1
307,7012,826.59,170.64,37.14,67.40,1,-1,-1,-1
307,6996,625.71,169.05,14.29,39.96,1,-1,-1,-1
307,6988,513.18,173.25,19.18,52.73,1,-1,-1,-1
307,6980,642.40,165.34,14.15,42.13,1,-1,-1,-1
307,6959,534.84,177.46,16.78,49.32,1,-1,-1,-1
308,7042,469.84,170.67,14.71,39.97,1,-1,-1,-1
308,7012,837.60,169.48,38.93,69.45,1,-1,-1,-1
308,6996,627.30,167.89,15.16,41.65,1,-1,-1,-1
308,6988,510.34,172.87,19.02,53.73,1,-1,-1,-1
308,6980,644.44,165.27,14.20,43.40,1,-1,-1,-1
308,6959,532.20,176.67,17.86,50.65,1,-1,-1,-1
309,7042,467.46,169.77,15.51,41.45,1,-1,-1,-1
309,7012,849.51,169.20,40.88,72.37,1,-1,-1,-1
309,6996,629.48,167.03,15.72,42.61,1,-1,-1,-1
309,6988,507.20,172.35,19.52,55.52,1,-1,-1,-1
309,6959,529.70,175.88,17.66,51.75,1,-1,-1,-1
310,7042,464.71,170.43,16.09,42.27,1,-1,-1,-1
310,7012,860.62,169.35,42.80,75.76,1,-1,-1,-1
310,6996,632.25,168.73,16.35,42.98,1,-1,-1,-1
310,6988,504.97,173.85,20.47,56.84,1,-1,-1,-1
310,6959,526.63,177.27,18.61,52.94,1,-1,-1,-1
311,7042,461.91,171.14,15.21,41.87,1,-1,-1,-1
311,7012,873.25,169.55,46.06,79.33,1,-1,-1,-1
311,6996,635.04,170.04,16.51,43.85,1,-1,-1,-1
311,6988,502.31,174.60,21.30,58.41,1,-1,-1,-1
311,6959,522.98,179.33,19.79,53.93,1,-1,-1,-1
312,7042,459.40,171.77,16.13,44.05,1,-1,-1,-1
312,7012,888.11,170.44,45.87,82.43,1,-1,-1,-1
312,6996,637.88,170.97,17.64,45.21,1,-1,-1,-1
312,6988,499.83,175.73,21.53,60.14,1,-1,-1,-1
312,6980,658.97,169.78,14.51,44.94,1,-1,-1,-1
312,6959,519.62,180.44,20.48,55.45,1,-1,-1,-1
313,7042,456.60,170.59,17.85,46.88,1,-1,-1,-1
313,7012,905.31,169.66,48.38,86.49,1,-1,-1,-1
313,6996,641.39,170.70,17.88,45.87,1,-1,-1,-1
313,6988,496.41,175.31,21.99,62.16,1,-1,-1,-1
313,6980,663.38,168.90,14.66,43.53,1,-1,-1,-1
313,6959,516.06,179.60,21.79,57.23,1,-1,-1,-1
314,7056,541.81,180.27,8.69,21.19,1,-1,-1,-1
314,7042,453.46,170.18,17.59,47.04,1,-1,-1,-1
314,7012,922.36,167.68,51.33,91.87,1,-1,-1,-1
314,6996,643.97,170.23,18.48,47.13,1,-1,-1,-1
314,6988,493.33,173.56,22.76,64.86,1,-1,-1,-1
314,6980,667.71,169.51,15.30,45.65,1,-1,-1,-1
314,6959,513.01,178.78,22.87,58.98,1,-1,-1,-1
315,7042,450.42,169.18,18.94,48.11,1,-1,-1,-1
315,7012,943.11,166.40,54.59,97.14,1,-1,-1,-1
315,6996,646.84,167.49,19.14,49.60,1,-1,-1,-1
315,6988,489.52,170.82,23.23,67.09,1,-1,-1,-1
315,6980,671.81,168.10,16.27,47.11,1,-1,-1,-1
315,6959,510.03,177.60,23.98,60.78,1,-1,-1,-1
316,7048,596.22,173.82,8.45,17.95,1,-1,-1,-1
316,7042,445.77,167.53,19.00,48.75,1,-1,-1,-1
316,7012,965.79,163.64,58.44,103.28,1,-1,-1,-1
316,6996,649.85,164.52,19.96,51.76,1,-1,-1,-1
316,6988,485.57,169.25,23.78,68.82,1,-1,-1,-1
316,6980,675.68,166.48,16.05,47.97,1,-1,-1,-1
316,6959,506.27,175.87,24.32,61.96,1,-1,-1,-1
317,7042,441.83,166.15,20.22,50.47,1,-1,-1,-1
317,7012,990.37,161.38,61.66,109.16,1,-1,-1,-1
317,6996,651.84,164.28,19.94,52.44,1,-1,-1,-1
317,6988,480.67,168.95,24.49,70.36,1,-1,-1,-1
317,6980,679.61,165.05,16.40,49.23,1,-1,-1,-1
317,6959,503.11,175.26,24.46,63.74,1,-1,-1,-1
318,7042,436.55,166.85,20.96,51.68,1,-1,-1,-1
318,7012,1018.92,161.91,65.88,115.38,1,-1,-1,-1
318,6996,655.70,163.93,19.52,53.93,1,-1,-1,-1
318,6988,474.75,169.39,25.69,72.89,1,-1,-1,-1
318,6980,684.23,165.31,17.41,51.98,1,-1,-1,-1
318,6959,500.09,174.96,25.56,65.68,1,-1,-1,-1
319,7042,430.90,167.50,21.12,53.27,1,-1,-1,-1
319,7012,1051.77,161.88,71.03,122.53,1,-1,-1,-1
319,6996,660.71,163.51,19.77,55.68,1,-1,-1,-1
319,6988,468.94,170.59,27.03,74.92,1,-1,-1,-1
319,6980,687.32,164.92,17.40,52.99,1,-1,-1,-1
319,6959,496.06,176.49,27.23,67.90,1,-1,-1,-1
320,7042,426.28,169.62,20.99,54.65,1,-1,-1,-1
320,7012,1088.97,163.96,76.63,131.34,1,-1,-1,-1
320,6996,664.96,167.06,19.63,55.73,1,-1,-1,-1
320,6988,462.94,172.80,28.06,77.67,1,-1,-1,-1
320,6980,692.43,167.21,17.68,54.38,1,-1,-1,-1
320,6959,491.17,178.77,27.88,70.68,1,-1,-1,-1
321,7042,421.72,171.31,21.46,56.10,1,-1,-1,-1
321,7012,1132.36,164.23,81.04,141.48,1,-1,-1,-1
321,6996,669.13,167.18,20.20,57.29,1,-1,-1,-1
321,6988,456.34,174.33,29.51,80.76,1,-1,-1,-1
321,6980,697.28,168.00,18.29,54.69,1,-1,-1,-1
321,6959,486.46,181.04,28.77,72.15,1,-1,-1,-1
322,7072,600.61,177.41,8.39,17.72,1,-1,-1,-1
322,7042,415.63,171.19,22.75,57.89,1,-1,-1,-1
322,7012,1175.49,158.92,70.77,149.73,1,-1,-1,-1
322,6996,673.05,167.68,20.17,58.54,1,-1,-1,-1
322,6988,450.72,174.97,30.84,83.48,1,-1,-1,-1
322,6980,704.03,167.16,18.96,56.77,1,-1,-1,-1
322,6959,482.98,182.73,29.80,74.12,1,-1,-1,-1
323,7072,601.51,174.45,8.82,18.84,1,-1,-1,-1
323,7042,410.18,169.23,24.50,60.60,1,-1,-1,-1
323,6996,678.88,165.61,21.51,60.90,1,-1,-1,-1
323,6988,444.73,174.87,31.92,86.47,1,-1,-1,-1
323,6980,711.12,165.15,19.75,58.81,1,-1,-1,-1
323,6959,477.61,182.59,28.52,75.91,1,-1,-1,-1
324,7074,827.47,172.00,22.82,49.73,1,-1,-1,-1
324,7072,603.63,173.90,8.45,18.53,1,-1,-1,-1
324,7042,403.67,168.17,25.38,62.51,1,-1,-1,-1
324,6996,684.30,163.52,22.62,63.44,1,-1,-1,-1
324,6988,439.08,173.41,32.84,89.21,1,-1,-1,-1
324,6980,717.84,164.02,20.59,62.52,1,-1,-1,-1
324,6959,474.01,182.46,29.95,78.47,1,-1,-1,-1
325,7074,832.42,174.61,23.66,49.61,1,-1,-1,-1
325,7042,397.24,168.34,26.74,65.04,1,-1,-1,-1
325,6996,689.56,164.28,24.34,65.72,1,-1,-1,-1
325,6988,432.78,173.70,34.33,92.77,1,-1,-1,-1
325,6980,724.11,163.61,21.56,65.77,1,-1,-1,-1
325,6959,470.53,183.96,30.69,81.16,1,-1,-1,-1
326,7042,389.74,169.77,28.55,67.32,1,-1,-1,-1
326,6996,695.85,165.33,25.58,67.99,1,-1,-1,-1
326,6988,425.43,173.89,36.12,96.99,1,-1,-1,-1
326,6980,730.93,163.10,22.88,68.70,1,-1,-1,-1
326,6959,464.76,184.10,32.54,85.48,1,-1,-1,-1
327,7042,381.94,171.20,28.74,68.73,1,-1,-1,-1
327,6996,702.77,166.33,26.60,70.38,1,-1,-1,-1
327,6988,416.69,175.81,39.18,101.50,1,-1,-1,-1
327,6980,738.33,164.42,23.91,71.79,1,-1,-1,-1
327,6959,458.22,188.10,34.50,88.11,1,-1,-1,-1
328,7042,373.61,172.27,29.82,70.94,1,-1,-1,-1
328,6996,709.74,165.12,26.61,73.39,1,-1,-1,-1
328,6988,407.17,177.41,39.54,105.87,1,-1,-1,-1
328,6980,744.64,163.84,24.49,75.08,1,-1,-1,-1
328,6959,448.54,184.47,38.62,95.62,1,-1,-1,-1
329,7074,857.67,178.65,26.38,54.02,1,-1,-1,-1
329,7042,362.91,171.94,30.78,73.82,1,-1,-1,-1
329,6996,715.63,163.66,27.99,74.58,1,-1,-1,-1
329,6988,395.38,177.66,41.12,111.11,1,-1,-1,-1
329,6980,752.07,162.22,25.57,78.02,1,-1,-1,-1
329,6959,442.13,184.76,40.65,100.48,1,-1,-1,-1
330,7074,865.41,179.58,26.57,55.28,1,-1,-1,-1
330,7042,351.55,172.07,32.10,77.37,1,-1,-1,-1
330,6996,721.70,164.43,28.54,78.31,1,-1,-1,-1
330,6988,382.10,176.95,42.05,117.03,1,-1,-1,-1
330,6980,759.87,161.81,26.59,81.36,1,-1,-1,-1
330,6959,430.83,184.16,43.76,106.82,1,-1,-1,-1
331,7085,606.38,176.89,8.67,19.76,1,-1,-1,-1
331,7074,868.93,179.66,29.54,57.61,1,-1,-1,-1
331,7042,337.73,171.58,31.92,80.70,1,-1,-1,-1
331,6996,728.42,164.09,29.81,82.73,1,-1,-1,-1
331,6988,367.58,177.39,44.01,123.18,1,-1,-1,-1
331,6980,768.35,161.64,28.33,85.32,1,-1,-1,-1
331,6959,417.88,186.95,46.10,112.80,1,-1,-1,-1
332,7085,604.15,177.76,8.49,19.60,1,-1,-1,-1
332,7042,323.47,172.18,32.02,84.54,1,-1,-1,-1
332,6996,733.93,164.29,29.31,86.44,1,-1,-1,-1
332,6988,349.48,177.85,47.21,129.79,1,-1,-1,-1
332,6980,776.27,161.34,30.14,87.21,1,-1,-1,-1
332,6959,402.49,187.43,49.37,120.71,1,-1,-1,-1
333,7085,601.86,178.83,8.50,19.12,1,-1,-1,-1
333,7042,306.92,173.27,32.29,88.93,1,-1,-1,-1
333,6996,740.80,164.49,31.04,90.63,1,-1,-1,-1
333,6988,330.71,181.17,50.88,138.04,1,-1,-1,-1
333,6980,785.33,162.54,33.90,92.47,1,-1,-1,-1
333,6959,384.82,187.77,51.31,128.97,1,-1,-1,-1
334,7085,600.44,179.24,8.41,18.81,1,-1,-1,-1
334,7042,289.31,174.57,32.99,96.01,1,-1,-1,-1
334,6996,747.44,164.26,32.62,94.87,1,-1,-1,-1
334,6988,311.26,182.01,53.25,146.81,1,-1,-1,-1
334,6980,793.64,162.11,35.43,97.47,1,-1,-1,-1
334,6959,365.66,186.76,53.86,137.41,1,-1,-1,-1
335,7085,598.98,179.65,8.47,18.70,1,-1,-1,-1
335,6996,754.78,164.30,34.82,99.49,1,-1,-1,-1
335,6988,287.63,181.22,58.03,156.48,1,-1,-1,-1
335,6980,803.08,161.98,36.35,102.02,1,-1,-1,-1
335,6959,345.29,187.91,56.87,146.08,1,-1,-1,-1
336,7085,597.84,180.57,8.03,18.23,1,-1,-1,-1
336,6996,763.47,163.38,36.37,105.18,1,-1,-1,-1
336,6988,261.32,181.19,62.83,167.15,1,-1,-1,-1
336,6980,815.03,161.28,37.70,107.79,1,-1,-1,-1
336,6959,323.29,190.86,60.08,156.40,1,-1,-1,-1
337,7085,596.60,179.45,8.00,18.52,1,-1,-1,-1
337,6996,772.98,162.31,38.25,110.58,1,-1,-1,-1
337,6988,231.01,185.14,65.77,175.12,1,-1,-1,-1
337,6980,830.33,158.78,38.10,113.83,1,-1,-1,-1
337,6959,296.42,193.30,62.74,166.27,1,-1,-1,-1
338,7093,972.68,166.93,37.00,90.18,1,-1,-1,-1
338,7085,595.45,178.75,7.85,18.35,1,-1,-1,-1
338,7074,935.66,180.17,36.08,80.87,1,-1,-1,-1
338,6996,784.92,160.47,42.42,117.78,1,-1,-1,-1
338,6988,198.10,183.97,70.67,183.44,1,-1,-1,-1
338,6980,847.00,158.96,40.99,122.65,1,-1,-1,-1
338,6959,267.40,192.19,66.03,173.83,1,-1,-1,-1
339,7093,986.07,167.39,40.10,93.89,1,-1,-1,-1
339,7085,593.46,177.23,8.02,18.74,1,-1,-1,-1
339,7074,949.39,180.57,37.44,85.80,1,-1,-1,-1
339,6996,796.83,158.60,45.18,125.14,1,-1,-1,-1
339,6988,158.04,180.71,76.90,190.69,1,-1,-1,-1
339,6980,863.91,156.53,41.95,128.22,1,-1,-1,-1
339,6959,232.87,188.39,70.63,181.58,1,-1,-1,-1
340,7093,1001.75,167.27,40.24,94.05,1,-1,-1,-1
340,7085,592.10,172.55,8.23,20.54,1,-1,-1,-1
340,6996,810.11,156.61,47.80,133.50,1,-1,-1,-1
340,6980,885.03,154.05,44.91,134.64,1,-1,-1,-1
340,6959,194.28,186.46,75.66,186.52,1,-1,-1,-1
