1,1401,510.00,169.00,9.00,22.00,1,-1,-1,-1
1,1400,519.00,171.00,11.00,25.00,1,-1,-1,-1
1,1399,792.00,170.00,15.00,40.00,1,-1,-1,-1
1,1398,438.00,170.00,9.00,24.00,1,-1,-1,-1
1,1397,607.00,171.00,7.00,13.00,1,-1,-1,-1
1,1396,678.00,172.00,9.00,20.00,1,-1,-1,-1
1,1395,709.00,174.00,15.00,33.00,1,-1,-1,-1
1,1394,747.00,167.00,15.00,43.00,1,-1,-1,-1
1,1393,763.00,171.00,16.00,40.00,1,-1,-1,-1
2,1406,495.00,171.00,9.00,18.00,1,-1,-1,-1
2,1405,443.00,175.00,6.00,14.00,1,-1,-1,-1
2,1404,783.00,188.00,11.00,18.00,1,-1,-1,-1
2,1403,742.00,169.00,8.00,24.00,1,-1,-1,-1
2,1402,732.00,175.00,10.00,24.00,1,-1,-1,-1
2,1401,503.00,169.00,11.00,25.00,1,-1,-1,-1
2,1400,516.00,170.00,13.00,27.00,1,-1,-1,-1
2,1398,431.00,172.00,11.00,24.00,1,-1,-1,-1
2,1397,604.00,171.00,6.00,14.00,1,-1,-1,-1
2,1396,677.00,172.00,7.00,20.00,1,-1,-1,-1
2,1395,709.00,174.00,15.00,32.00,1,-1,-1,-1
2,1394,748.00,168.00,16.00,43.00,1,-1,-1,-1
2,1393,764.00,172.00,15.00,39.00,1,-1,-1,-1
3,1410,522.00,170.00,7.00,22.00,1,-1,-1,-1
3,1409,612.00,170.00,6.00,11.00,1,-1,-1,-1
3,1408,575.00,170.00,8.00,17.00,1,-1,-1,-1
3,1407,699.00,173.00,8.00,26.00,1,-1,-1,-1
3,1403,741.00,171.00,9.00,22.00,1,-1,-1,-1
3,1401,500.00,171.00,9.00,20.00,1,-1,-1,-1
3,1400,512.00,170.00,13.00,27.00,1,-1,-1,-1
3,1399,795.00,173.00,20.00,38.00,1,-1,-1,-1
3,1395,708.00,174.00,15.00,33.00,1,-1,-1,-1
3,1394,748.00,170.00,18.00,42.00,1,-1,-1,-1
3,1393,766.00,170.00,16.00,41.00,1,-1,-1,-1
4,1401,495.00,168.00,9.00,24.00,1,-1,-1,-1
4,1400,507.00,170.00,12.00,26.00,1,-1,-1,-1
4,1395,706.00,174.00,17.00,35.00,1,-1,-1,-1
4,1394,749.00,168.00,18.00,44.00,1,-1,-1,-1
4,1393,765.00,169.00,18.00,43.00,1,-1,-1,-1
5,1403,740.00,167.00,11.00,27.00,1,-1,-1,-1
5,1401,491.00,168.00,8.00,23.00,1,-1,-1,-1
5,1400,502.00,168.00,14.00,27.00,1,-1,-1,-1
5,1394,751.00,167.00,17.00,46.00,1,-1,-1,-1
5,1393,768.00,167.00,20.00,47.00,1,-1,-1,-1
6,1403,739.00,167.00,10.00,26.00,1,-1,-1,-1
6,1401,485.00,166.00,10.00,27.00,1,-1,-1,-1
6,1400,498.00,169.00,14.00,28.00,1,-1,-1,-1
6,1394,752.00,166.00,18.00,49.00,1,-1,-1,-1
6,1393,770.00,167.00,19.00,48.00,1,-1,-1,-1
7,1403,738.00,166.00,12.00,27.00,1,-1,-1,-1
7,1401,479.00,166.00,10.00,28.00,1,-1,-1,-1
7,1400,494.00,168.00,12.00,29.00,1,-1,-1,-1
7,1394,753.00,165.00,20.00,50.00,1,-1,-1,-1
7,1393,774.00,169.00,18.00,46.00,1,-1,-1,-1
8,1403,738.00,166.00,10.00,27.00,1,-1,-1,-1
8,1402,729.00,165.00,10.00,33.00,1,-1,-1,-1
8,1401,473.00,167.00,11.00,27.00,1,-1,-1,-1
8,1400,491.00,168.00,13.00,31.00,1,-1,-1,-1
8,1396,666.00,167.00,8.00,24.00,1,-1,-1,-1
8,1394,756.00,165.00,21.00,51.00,1,-1,-1,-1
8,1393,778.00,169.00,18.00,48.00,1,-1,-1,-1
9,1403,738.00,169.00,10.00,24.00,1,-1,-1,-1
9,1402,730.00,169.00,9.00,29.00,1,-1,-1,-1
9,1401,468.00,167.00,12.00,27.00,1,-1,-1,-1
9,1400,486.00,170.00,12.00,29.00,1,-1,-1,-1
9,1396,664.00,171.00,7.00,20.00,1,-1,-1,-1
9,1394,758.00,167.00,20.00,51.00,1,-1,-1,-1
9,1393,782.00,167.00,21.00,50.00,1,-1,-1,-1
10,1403,738.00,166.00,10.00,26.00,1,-1,-1,-1
10,1402,725.00,167.00,11.00,31.00,1,-1,-1,-1
10,1401,462.00,167.00,13.00,26.00,1,-1,-1,-1
10,1400,483.00,169.00,10.00,30.00,1,-1,-1,-1
10,1396,664.00,168.00,7.00,21.00,1,-1,-1,-1
10,1394,762.00,166.00,22.00,51.00,1,-1,-1,-1
10,1393,786.00,165.00,21.00,53.00,1,-1,-1,-1
11,1403,738.00,165.00,10.00,25.00,1,-1,-1,-1
11,1402,725.00,165.00,13.00,33.00,1,-1,-1,-1
11,1401,458.00,167.00,10.00,26.00,1,-1,-1,-1
11,1400,480.00,168.00,12.00,33.00,1,-1,-1,-1
11,1396,663.00,166.00,8.00,22.00,1,-1,-1,-1
11,1394,767.00,162.00,21.00,56.00,1,-1,-1,-1
11,1393,791.00,164.00,23.00,55.00,1,-1,-1,-1
12,1425,568.00,166.00,9.00,18.00,1,-1,-1,-1
12,1403,740.00,164.00,10.00,26.00,1,-1,-1,-1
12,1402,727.00,168.00,13.00,33.00,1,-1,-1,-1
12,1401,454.00,166.00,10.00,29.00,1,-1,-1,-1
12,1400,477.00,170.00,11.00,29.00,1,-1,-1,-1
12,1396,663.00,166.00,8.00,22.00,1,-1,-1,-1
12,1394,771.00,158.00,25.00,62.00,1,-1,-1,-1
12,1393,799.00,164.00,21.00,55.00,1,-1,-1,-1
13,1425,567.00,167.00,7.00,16.00,1,-1,-1,-1
13,1403,741.00,165.00,11.00,27.00,1,-1,-1,-1
13,1401,449.00,166.00,12.00,29.00,1,-1,-1,-1
13,1400,475.00,171.00,11.00,28.00,1,-1,-1,-1
13,1394,777.00,156.00,28.00,66.00,1,-1,-1,-1
13,1393,805.00,164.00,25.00,58.00,1,-1,-1,-1
14,1403,745.00,167.00,9.00,26.00,1,-1,-1,-1
14,1401,446.00,164.00,11.00,32.00,1,-1,-1,-1
14,1400,471.00,169.00,14.00,32.00,1,-1,-1,-1
14,1394,782.00,159.00,28.00,65.00,1,-1,-1,-1
14,1393,813.00,163.00,25.00,62.00,1,-1,-1,-1
15,1432,168.00,168.00,26.00,58.00,1,-1,-1,-1
15,1403,749.00,170.00,7.00,25.00,1,-1,-1,-1
15,1401,443.00,169.00,11.00,29.00,1,-1,-1,-1
15,1400,470.00,169.00,13.00,36.00,1,-1,-1,-1
15,1394,789.00,160.00,31.00,70.00,1,-1,-1,-1
15,1393,823.00,165.00,24.00,63.00,1,-1,-1,-1
16,1432,156.00,173.00,26.00,57.00,1,-1,-1,-1
16,1403,751.00,170.00,10.00,24.00,1,-1,-1,-1
16,1401,439.00,169.00,12.00,33.00,1,-1,-1,-1
16,1400,466.00,175.00,14.00,33.00,1,-1,-1,-1
16,1396,668.00,172.00,7.00,21.00,1,-1,-1,-1
16,1394,799.00,167.00,31.00,66.00,1,-1,-1,-1
17,1432,140.00,171.00,28.00,61.00,1,-1,-1,-1
17,1403,754.00,170.00,11.00,27.00,1,-1,-1,-1
17,1401,437.00,172.00,10.00,32.00,1,-1,-1,-1
17,1400,465.00,175.00,15.00,35.00,1,-1,-1,-1
17,1396,670.00,174.00,7.00,19.00,1,-1,-1,-1
17,1394,810.00,168.00,30.00,70.00,1,-1,-1,-1
18,1438,428.00,176.00,10.00,24.00,1,-1,-1,-1
18,1432,123.00,165.00,27.00,67.00,1,-1,-1,-1
18,1401,433.00,171.00,11.00,30.00,1,-1,-1,-1
18,1400,464.00,175.00,14.00,34.00,1,-1,-1,-1
18,1396,671.00,172.00,8.00,23.00,1,-1,-1,-1
18,1394,823.00,167.00,31.00,76.00,1,-1,-1,-1
19,1441,874.00,169.00,31.00,76.00,1,-1,-1,-1
19,1436,503.00,171.00,8.00,28.00,1,-1,-1,-1
19,1401,428.00,169.00,13.00,33.00,1,-1,-1,-1
19,1400,462.00,171.00,13.00,38.00,1,-1,-1,-1
19,1396,674.00,171.00,6.00,23.00,1,-1,-1,-1
19,1394,835.00,167.00,33.00,77.00,1,-1,-1,-1
20,1441,891.00,166.00,30.00,80.00,1,-1,-1,-1
20,1401,425.00,170.00,11.00,30.00,1,-1,-1,-1
20,1400,460.00,170.00,13.00,38.00,1,-1,-1,-1
20,1396,675.00,171.00,7.00,20.00,1,-1,-1,-1
20,1394,851.00,163.00,35.00,83.00,1,-1,-1,-1
21,1403,768.00,162.00,11.00,30.00,1,-1,-1,-1
21,1401,420.00,164.00,12.00,34.00,1,-1,-1,-1
21,1400,455.00,169.00,16.00,37.00,1,-1,-1,-1
21,1394,866.00,158.00,36.00,90.00,1,-1,-1,-1
22,1401,414.00,163.00,14.00,34.00,1,-1,-1,-1
22,1400,452.00,166.00,16.00,40.00,1,-1,-1,-1
22,1394,883.00,157.00,35.00,92.00,1,-1,-1,-1
23,1401,409.00,163.00,16.00,36.00,1,-1,-1,-1
23,1400,448.00,166.00,16.00,42.00,1,-1,-1,-1
23,1394,901.00,153.00,40.00,102.00,1,-1,-1,-1
24,1455,550.00,166.00,10.00,27.00,1,-1,-1,-1
24,1451,371.00,178.00,7.00,14.00,1,-1,-1,-1
24,1401,404.00,171.00,15.00,35.00,1,-1,-1,-1
24,1400,446.00,173.00,15.00,42.00,1,-1,-1,-1
24,1394,917.00,157.00,49.00,109.00,1,-1,-1,-1
25,1457,1001.00,167.00,45.00,111.00,1,-1,-1,-1
25,1401,398.00,175.00,16.00,35.00,1,-1,-1,-1
25,1400,442.00,177.00,15.00,41.00,1,-1,-1,-1
25,1394,936.00,160.00,58.00,117.00,1,-1,-1,-1
26,1401,391.00,175.00,16.00,39.00,1,-1,-1,-1
26,1400,437.00,181.00,17.00,40.00,1,-1,-1,-1
26,1394,956.00,160.00,71.00,125.00,1,-1,-1,-1
27,1462,684.00,170.00,8.00,26.00,1,-1,-1,-1
27,1401,386.00,172.00,16.00,40.00,1,-1,-1,-1
27,1400,433.00,176.00,18.00,47.00,1,-1,-1,-1
28,1462,685.00,173.00,8.00,21.00,1,-1,-1,-1
28,1401,379.00,168.00,15.00,43.00,1,-1,-1,-1
28,1400,430.00,174.00,17.00,43.00,1,-1,-1,-1
29,1462,686.00,166.00,9.00,27.00,1,-1,-1,-1
29,1401,371.00,168.00,15.00,43.00,1,-1,-1,-1
29,1400,426.00,172.00,16.00,47.00,1,-1,-1,-1
30,1467,351.00,179.00,8.00,22.00,1,-1,-1,-1
30,1462,687.00,169.00,9.00,25.00,1,-1,-1,-1
30,1401,366.00,170.00,14.00,38.00,1,-1,-1,-1
30,1400,419.00,175.00,20.00,47.00,1,-1,-1,-1
31,1467,346.00,180.00,8.00,21.00,1,-1,-1,-1
31,1462,689.00,173.00,9.00,24.00,1,-1,-1,-1
31,1400,412.00,175.00,20.00,49.00,1,-1,-1,-1
32,1462,691.00,171.00,8.00,27.00,1,-1,-1,-1
32,1400,407.00,179.00,21.00,49.00,1,-1,-1,-1
33,1462,692.00,172.00,9.00,25.00,1,-1,-1,-1
33,1400,399.00,178.00,23.00,50.00,1,-1,-1,-1
34,1481,323.00,167.00,22.00,48.00,1,-1,-1,-1
34,1462,694.00,170.00,8.00,23.00,1,-1,-1,-1
34,1400,394.00,176.00,21.00,49.00,1,-1,-1,-1
35,1484,648.00,160.00,10.00,22.00,1,-1,-1,-1
35,1481,312.00,165.00,23.00,50.00,1,-1,-1,-1
35,1462,694.00,166.00,10.00,27.00,1,-1,-1,-1
35,1400,386.00,171.00,23.00,55.00,1,-1,-1,-1
36,1495,542.00,164.00,10.00,27.00,1,-1,-1,-1
36,1481,302.00,166.00,23.00,50.00,1,-1,-1,-1
36,1462,696.00,166.00,10.00,27.00,1,-1,-1,-1
36,1400,380.00,170.00,21.00,58.00,1,-1,-1,-1
37,1481,292.00,167.00,22.00,52.00,1,-1,-1,-1
37,1462,698.00,166.00,11.00,26.00,1,-1,-1,-1
37,1400,371.00,174.00,22.00,58.00,1,-1,-1,-1
38,1481,280.00,168.00,20.00,54.00,1,-1,-1,-1
38,1400,361.00,176.00,24.00,60.00,1,-1,-1,-1
39,1505,727.00,173.00,11.00,29.00,1,-1,-1,-1
39,1504,483.00,169.00,14.00,35.00,1,-1,-1,-1
39,1400,350.00,176.00,26.00,64.00,1,-1,-1,-1
40,1505,730.00,174.00,10.00,27.00,1,-1,-1,-1
40,1504,481.00,166.00,14.00,39.00,1,-1,-1,-1
40,1400,340.00,176.00,25.00,65.00,1,-1,-1,-1
41,1505,730.00,175.00,11.00,26.00,1,-1,-1,-1
41,1504,478.00,165.00,15.00,37.00,1,-1,-1,-1
41,1400,326.00,175.00,27.00,70.00,1,-1,-1,-1
42,1505,734.00,170.00,12.00,34.00,1,-1,-1,-1
42,1504,475.00,167.00,13.00,36.00,1,-1,-1,-1
42,1497,454.00,171.00,16.00,42.00,1,-1,-1,-1
42,1400,312.00,176.00,30.00,71.00,1,-1,-1,-1
43,1505,734.00,170.00,12.00,31.00,1,-1,-1,-1
43,1504,470.00,171.00,11.00,32.00,1,-1,-1,-1
43,1497,450.00,166.00,15.00,49.00,1,-1,-1,-1
43,1400,294.00,178.00,35.00,75.00,1,-1,-1,-1
44,1504,471.00,169.00,14.00,37.00,1,-1,-1,-1
44,1497,443.00,167.00,18.00,51.00,1,-1,-1,-1
44,1400,279.00,179.00,35.00,78.00,1,-1,-1,-1
45,1526,710.00,168.00,9.00,36.00,1,-1,-1,-1
45,1504,467.00,169.00,15.00,37.00,1,-1,-1,-1
45,1497,438.00,167.00,15.00,53.00,1,-1,-1,-1
45,1400,262.00,180.00,35.00,82.00,1,-1,-1,-1
46,1528,450.00,177.00,12.00,24.00,1,-1,-1,-1
46,1526,709.00,165.00,13.00,40.00,1,-1,-1,-1
46,1504,464.00,169.00,17.00,40.00,1,-1,-1,-1
46,1497,431.00,166.00,18.00,56.00,1,-1,-1,-1
46,1400,238.00,181.00,40.00,88.00,1,-1,-1,-1
47,1537,101.00,168.00,43.00,77.00,1,-1,-1,-1
47,1535,753.00,173.00,9.00,30.00,1,-1,-1,-1
47,1528,448.00,173.00,13.00,29.00,1,-1,-1,-1
47,1526,711.00,171.00,12.00,35.00,1,-1,-1,-1
47,1504,459.00,167.00,17.00,44.00,1,-1,-1,-1
47,1497,425.00,168.00,19.00,56.00,1,-1,-1,-1
47,1400,216.00,179.00,42.00,96.00,1,-1,-1,-1
48,1544,892.00,163.00,20.00,36.00,1,-1,-1,-1
48,1537,75.00,170.00,40.00,81.00,1,-1,-1,-1
48,1534,724.00,167.00,13.00,33.00,1,-1,-1,-1
48,1529,272.00,184.00,17.00,37.00,1,-1,-1,-1
48,1528,444.00,173.00,12.00,29.00,1,-1,-1,-1
48,1526,712.00,176.00,11.00,30.00,1,-1,-1,-1
48,1504,459.00,169.00,16.00,42.00,1,-1,-1,-1
48,1497,416.00,166.00,20.00,60.00,1,-1,-1,-1
48,1400,192.00,180.00,42.00,101.00,1,-1,-1,-1
49,1529,261.00,181.00,20.00,42.00,1,-1,-1,-1
49,1526,714.00,173.00,11.00,34.00,1,-1,-1,-1
49,1504,454.00,168.00,15.00,40.00,1,-1,-1,-1
49,1497,410.00,165.00,20.00,62.00,1,-1,-1,-1
49,1400,162.00,177.00,49.00,109.00,1,-1,-1,-1
50,1526,715.00,175.00,12.00,32.00,1,-1,-1,-1
50,1504,448.00,168.00,17.00,44.00,1,-1,-1,-1
50,1497,400.00,164.00,22.00,64.00,1,-1,-1,-1
50,1400,127.00,179.00,54.00,113.00,1,-1,-1,-1
51,1550,736.00,176.00,11.00,27.00,1,-1,-1,-1
51,1526,716.00,170.00,12.00,39.00,1,-1,-1,-1
51,1504,443.00,166.00,19.00,46.00,1,-1,-1,-1
51,1497,392.00,164.00,25.00,67.00,1,-1,-1,-1
51,1400,88.00,178.00,55.00,125.00,1,-1,-1,-1
52,1551,480.00,173.00,10.00,25.00,1,-1,-1,-1
52,1550,738.00,178.00,9.00,27.00,1,-1,-1,-1
52,1528,424.00,181.00,14.00,25.00,1,-1,-1,-1
52,1526,717.00,173.00,12.00,39.00,1,-1,-1,-1
52,1504,439.00,169.00,15.00,46.00,1,-1,-1,-1
52,1497,380.00,166.00,25.00,69.00,1,-1,-1,-1
53,1566,408.00,177.00,11.00,27.00,1,-1,-1,-1
53,1551,477.00,174.00,10.00,27.00,1,-1,-1,-1
53,1550,738.00,177.00,12.00,30.00,1,-1,-1,-1
53,1528,419.00,181.00,15.00,26.00,1,-1,-1,-1
53,1526,719.00,168.00,12.00,44.00,1,-1,-1,-1
53,1504,436.00,170.00,15.00,44.00,1,-1,-1,-1
53,1497,370.00,165.00,30.00,74.00,1,-1,-1,-1
54,1577,192.00,188.00,19.00,47.00,1,-1,-1,-1
54,1575,305.00,182.00,24.00,48.00,1,-1,-1,-1
54,1572,447.00,174.00,9.00,30.00,1,-1,-1,-1
54,1551,472.00,173.00,10.00,27.00,1,-1,-1,-1
54,1550,741.00,184.00,9.00,25.00,1,-1,-1,-1
54,1534,730.00,166.00,13.00,44.00,1,-1,-1,-1
54,1528,414.00,182.00,17.00,28.00,1,-1,-1,-1
54,1526,720.00,169.00,14.00,46.00,1,-1,-1,-1
54,1504,433.00,170.00,15.00,45.00,1,-1,-1,-1
54,1497,361.00,165.00,28.00,76.00,1,-1,-1,-1
55,1581,506.00,175.00,8.00,24.00,1,-1,-1,-1
55,1575,296.00,179.00,29.00,53.00,1,-1,-1,-1
55,1572,443.00,173.00,12.00,32.00,1,-1,-1,-1
55,1551,469.00,172.00,9.00,28.00,1,-1,-1,-1
55,1550,743.00,180.00,11.00,28.00,1,-1,-1,-1
55,1534,731.00,164.00,15.00,46.00,1,-1,-1,-1
55,1528,409.00,184.00,15.00,25.00,1,-1,-1,-1
55,1526,721.00,170.00,14.00,42.00,1,-1,-1,-1
55,1504,427.00,169.00,16.00,44.00,1,-1,-1,-1
55,1497,350.00,164.00,27.00,80.00,1,-1,-1,-1
56,1572,438.00,173.00,12.00,34.00,1,-1,-1,-1
56,1554,488.00,170.00,16.00,37.00,1,-1,-1,-1
56,1550,743.00,178.00,13.00,31.00,1,-1,-1,-1
56,1534,733.00,167.00,11.00,43.00,1,-1,-1,-1
56,1528,404.00,183.00,19.00,28.00,1,-1,-1,-1
56,1526,723.00,166.00,13.00,49.00,1,-1,-1,-1
56,1504,422.00,169.00,17.00,48.00,1,-1,-1,-1
56,1497,338.00,164.00,26.00,84.00,1,-1,-1,-1
57,1587,754.00,181.00,12.00,31.00,1,-1,-1,-1
57,1572,433.00,173.00,14.00,33.00,1,-1,-1,-1
57,1554,480.00,170.00,19.00,44.00,1,-1,-1,-1
57,1550,743.00,178.00,14.00,32.00,1,-1,-1,-1
57,1528,397.00,184.00,18.00,27.00,1,-1,-1,-1
57,1526,723.00,171.00,15.00,44.00,1,-1,-1,-1
57,1504,415.00,168.00,19.00,53.00,1,-1,-1,-1
57,1497,320.00,166.00,32.00,85.00,1,-1,-1,-1
58,1591,769.00,168.00,26.00,57.00,1,-1,-1,-1
58,1587,755.00,179.00,14.00,34.00,1,-1,-1,-1
58,1572,429.00,173.00,13.00,33.00,1,-1,-1,-1
58,1554,477.00,171.00,17.00,44.00,1,-1,-1,-1
58,1550,749.00,181.00,8.00,29.00,1,-1,-1,-1
58,1528,389.00,184.00,19.00,29.00,1,-1,-1,-1
58,1526,724.00,168.00,15.00,50.00,1,-1,-1,-1
58,1504,411.00,168.00,18.00,53.00,1,-1,-1,-1
58,1497,305.00,165.00,33.00,90.00,1,-1,-1,-1
59,1591,773.00,165.00,24.00,63.00,1,-1,-1,-1
59,1587,760.00,178.00,14.00,37.00,1,-1,-1,-1
59,1572,425.00,174.00,12.00,32.00,1,-1,-1,-1
59,1554,471.00,170.00,18.00,46.00,1,-1,-1,-1
59,1528,383.00,185.00,18.00,28.00,1,-1,-1,-1
59,1526,724.00,167.00,19.00,52.00,1,-1,-1,-1
59,1504,403.00,169.00,17.00,53.00,1,-1,-1,-1
59,1497,286.00,166.00,33.00,93.00,1,-1,-1,-1
60,1600,444.00,172.00,11.00,33.00,1,-1,-1,-1
60,1587,761.00,184.00,13.00,32.00,1,-1,-1,-1
60,1572,422.00,174.00,12.00,31.00,1,-1,-1,-1
60,1554,464.00,172.00,18.00,46.00,1,-1,-1,-1
60,1528,374.00,184.00,19.00,31.00,1,-1,-1,-1
60,1526,724.00,164.00,19.00,58.00,1,-1,-1,-1
60,1504,396.00,170.00,18.00,53.00,1,-1,-1,-1
60,1497,272.00,165.00,32.00,100.00,1,-1,-1,-1
61,1605,752.00,180.00,14.00,33.00,1,-1,-1,-1
61,1600,439.00,174.00,11.00,33.00,1,-1,-1,-1
61,1587,763.00,184.00,15.00,34.00,1,-1,-1,-1
61,1554,460.00,171.00,17.00,45.00,1,-1,-1,-1
61,1528,365.00,185.00,22.00,31.00,1,-1,-1,-1
61,1526,724.00,164.00,24.00,60.00,1,-1,-1,-1
61,1504,387.00,171.00,22.00,51.00,1,-1,-1,-1
62,1605,754.00,181.00,13.00,34.00,1,-1,-1,-1
62,1600,431.00,171.00,13.00,35.00,1,-1,-1,-1
62,1587,766.00,182.00,12.00,37.00,1,-1,-1,-1
62,1554,451.00,169.00,20.00,52.00,1,-1,-1,-1
62,1528,355.00,184.00,19.00,34.00,1,-1,-1,-1
62,1526,729.00,164.00,23.00,61.00,1,-1,-1,-1
62,1504,378.00,169.00,21.00,57.00,1,-1,-1,-1
63,1612,869.00,168.00,34.00,68.00,1,-1,-1,-1
63,1605,754.00,182.00,14.00,36.00,1,-1,-1,-1
63,1603,564.00,170.00,12.00,31.00,1,-1,-1,-1
63,1600,423.00,172.00,13.00,38.00,1,-1,-1,-1
63,1587,765.00,182.00,13.00,39.00,1,-1,-1,-1
63,1554,445.00,172.00,18.00,49.00,1,-1,-1,-1
63,1528,348.00,186.00,18.00,32.00,1,-1,-1,-1
63,1526,731.00,164.00,23.00,63.00,1,-1,-1,-1
63,1504,372.00,168.00,21.00,61.00,1,-1,-1,-1
64,1612,873.00,167.00,30.00,71.00,1,-1,-1,-1
64,1611,142.00,185.00,17.00,31.00,1,-1,-1,-1
64,1605,753.00,182.00,17.00,38.00,1,-1,-1,-1
64,1603,557.00,170.00,15.00,32.00,1,-1,-1,-1
64,1600,417.00,176.00,14.00,33.00,1,-1,-1,-1
64,1554,438.00,173.00,19.00,51.00,1,-1,-1,-1
64,1528,336.00,188.00,21.00,33.00,1,-1,-1,-1
64,1526,733.00,163.00,22.00,65.00,1,-1,-1,-1
64,1504,363.00,168.00,24.00,61.00,1,-1,-1,-1
65,1637,771.00,176.00,24.00,49.00,1,-1,-1,-1
65,1634,853.00,174.00,21.00,45.00,1,-1,-1,-1
65,1633,584.00,171.00,9.00,24.00,1,-1,-1,-1
65,1612,882.00,165.00,32.00,76.00,1,-1,-1,-1
65,1605,759.00,182.00,14.00,38.00,1,-1,-1,-1
65,1600,413.00,170.00,12.00,36.00,1,-1,-1,-1
65,1554,429.00,168.00,21.00,54.00,1,-1,-1,-1
65,1528,329.00,186.00,19.00,32.00,1,-1,-1,-1
65,1526,734.00,162.00,20.00,68.00,1,-1,-1,-1
65,1504,353.00,166.00,25.00,64.00,1,-1,-1,-1
66,1637,775.00,188.00,28.00,36.00,1,-1,-1,-1
66,1612,892.00,166.00,31.00,76.00,1,-1,-1,-1
66,1605,757.00,174.00,18.00,45.00,1,-1,-1,-1
66,1554,421.00,171.00,20.00,51.00,1,-1,-1,-1
66,1528,317.00,185.00,20.00,33.00,1,-1,-1,-1
66,1526,738.00,160.00,22.00,68.00,1,-1,-1,-1
66,1504,345.00,165.00,26.00,65.00,1,-1,-1,-1
67,1650,886.00,163.00,23.00,74.00,1,-1,-1,-1
67,1637,792.00,180.00,22.00,47.00,1,-1,-1,-1
67,1612,903.00,161.00,33.00,81.00,1,-1,-1,-1
67,1605,762.00,175.00,13.00,43.00,1,-1,-1,-1
67,1554,412.00,166.00,20.00,58.00,1,-1,-1,-1
67,1528,304.00,183.00,29.00,35.00,1,-1,-1,-1
67,1526,737.00,158.00,24.00,70.00,1,-1,-1,-1
67,1504,334.00,165.00,31.00,66.00,1,-1,-1,-1
68,1650,895.00,161.00,24.00,78.00,1,-1,-1,-1
68,1612,914.00,161.00,33.00,84.00,1,-1,-1,-1
68,1605,764.00,177.00,15.00,43.00,1,-1,-1,-1
68,1554,400.00,166.00,20.00,58.00,1,-1,-1,-1
68,1528,295.00,185.00,22.00,37.00,1,-1,-1,-1
68,1526,740.00,158.00,25.00,74.00,1,-1,-1,-1
68,1504,324.00,167.00,29.00,64.00,1,-1,-1,-1
69,1650,905.00,163.00,26.00,80.00,1,-1,-1,-1
69,1612,927.00,164.00,34.00,87.00,1,-1,-1,-1
69,1605,764.00,182.00,15.00,41.00,1,-1,-1,-1
69,1554,391.00,168.00,20.00,62.00,1,-1,-1,-1
69,1528,283.00,186.00,26.00,37.00,1,-1,-1,-1
69,1526,745.00,156.00,27.00,82.00,1,-1,-1,-1
69,1504,314.00,166.00,25.00,68.00,1,-1,-1,-1
70,1676,380.00,169.00,20.00,65.00,1,-1,-1,-1
70,1650,915.00,164.00,30.00,84.00,1,-1,-1,-1
70,1612,942.00,165.00,33.00,91.00,1,-1,-1,-1
70,1605,767.00,182.00,15.00,44.00,1,-1,-1,-1
70,1528,269.00,189.00,29.00,39.00,1,-1,-1,-1
70,1526,747.00,158.00,33.00,81.00,1,-1,-1,-1
70,1504,298.00,165.00,26.00,75.00,1,-1,-1,-1
71,1676,369.00,172.00,21.00,67.00,1,-1,-1,-1
71,1650,927.00,165.00,32.00,88.00,1,-1,-1,-1
71,1637,812.00,198.00,20.00,42.00,1,-1,-1,-1
71,1612,954.00,166.00,36.00,97.00,1,-1,-1,-1
71,1605,773.00,184.00,14.00,47.00,1,-1,-1,-1
71,1528,254.00,190.00,31.00,45.00,1,-1,-1,-1
71,1526,752.00,160.00,29.00,87.00,1,-1,-1,-1
71,1504,281.00,170.00,34.00,74.00,1,-1,-1,-1
72,1676,350.00,172.00,27.00,72.00,1,-1,-1,-1
72,1650,940.00,166.00,34.00,92.00,1,-1,-1,-1
72,1528,243.00,192.00,24.00,42.00,1,-1,-1,-1
72,1526,754.00,158.00,29.00,91.00,1,-1,-1,-1
72,1504,270.00,170.00,31.00,79.00,1,-1,-1,-1
73,1690,807.00,186.00,38.00,55.00,1,-1,-1,-1
73,1676,337.00,168.00,28.00,78.00,1,-1,-1,-1
73,1650,958.00,165.00,36.00,97.00,1,-1,-1,-1
73,1528,227.00,192.00,29.00,44.00,1,-1,-1,-1
73,1526,761.00,158.00,33.00,95.00,1,-1,-1,-1
73,1504,259.00,170.00,28.00,80.00,1,-1,-1,-1
74,1690,820.00,186.00,33.00,59.00,1,-1,-1,-1
74,1676,324.00,171.00,27.00,77.00,1,-1,-1,-1
74,1528,209.00,194.00,29.00,45.00,1,-1,-1,-1
74,1526,764.00,159.00,31.00,97.00,1,-1,-1,-1
74,1504,243.00,168.00,32.00,84.00,1,-1,-1,-1
75,1676,307.00,169.00,27.00,83.00,1,-1,-1,-1
75,1528,192.00,195.00,33.00,45.00,1,-1,-1,-1
75,1526,769.00,156.00,36.00,101.00,1,-1,-1,-1
75,1504,227.00,169.00,33.00,86.00,1,-1,-1,-1
76,1720,825.00,169.00,17.00,33.00,1,-1,-1,-1
76,1719,819.00,185.00,56.00,61.00,1,-1,-1,-1
76,1676,288.00,174.00,30.00,81.00,1,-1,-1,-1
76,1528,174.00,194.00,36.00,48.00,1,-1,-1,-1
76,1526,775.00,154.00,39.00,112.00,1,-1,-1,-1
76,1504,208.00,169.00,36.00,92.00,1,-1,-1,-1
77,1720,827.00,170.00,17.00,39.00,1,-1,-1,-1
77,1719,828.00,189.00,59.00,63.00,1,-1,-1,-1
77,1709,901.00,174.00,22.00,30.00,1,-1,-1,-1
77,1676,263.00,165.00,43.00,93.00,1,-1,-1,-1
77,1528,154.00,193.00,36.00,49.00,1,-1,-1,-1
77,1526,778.00,157.00,44.00,115.00,1,-1,-1,-1
77,1504,190.00,169.00,34.00,93.00,1,-1,-1,-1
78,1729,599.00,165.00,17.00,41.00,1,-1,-1,-1
78,1719,835.00,186.00,65.00,71.00,1,-1,-1,-1
78,1676,247.00,166.00,41.00,99.00,1,-1,-1,-1
78,1528,134.00,195.00,29.00,51.00,1,-1,-1,-1
78,1526,793.00,155.00,41.00,123.00,1,-1,-1,-1
78,1504,173.00,167.00,33.00,99.00,1,-1,-1,-1
79,1735,591.00,169.00,11.00,37.00,1,-1,-1,-1
79,1733,780.00,173.00,31.00,83.00,1,-1,-1,-1
79,1732,1140.00,150.00,98.00,224.00,1,-1,-1,-1
79,1729,601.00,171.00,16.00,33.00,1,-1,-1,-1
79,1719,860.00,188.00,53.00,74.00,1,-1,-1,-1
79,1676,222.00,164.00,46.00,108.00,1,-1,-1,-1
79,1528,110.00,200.00,34.00,52.00,1,-1,-1,-1
79,1526,808.00,154.00,44.00,135.00,1,-1,-1,-1
79,1504,152.00,168.00,34.00,105.00,1,-1,-1,-1
80,1740,867.00,171.00,18.00,36.00,1,-1,-1,-1
80,1735,588.00,162.00,16.00,50.00,1,-1,-1,-1
80,1733,792.00,200.00,26.00,63.00,1,-1,-1,-1
80,1729,603.00,171.00,15.00,37.00,1,-1,-1,-1
80,1719,894.00,192.00,38.00,82.00,1,-1,-1,-1
80,1676,193.00,170.00,41.00,111.00,1,-1,-1,-1
80,1528,86.00,205.00,33.00,52.00,1,-1,-1,-1
80,1526,820.00,157.00,42.00,139.00,1,-1,-1,-1
81,1733,800.00,204.00,27.00,63.00,1,-1,-1,-1
81,1676,171.00,172.00,44.00,117.00,1,-1,-1,-1
81,1526,834.00,155.00,48.00,152.00,1,-1,-1,-1
82,1733,812.00,204.00,30.00,68.00,1,-1,-1,-1
82,1526,856.00,153.00,47.00,163.00,1,-1,-1,-1
83,1752,93.00,166.00,67.00,135.00,1,-1,-1,-1
83,1750,783.00,177.00,34.00,33.00,1,-1,-1,-1
83,1526,875.00,148.00,52.00,178.00,1,-1,-1,-1
84,1752,60.00,166.00,67.00,145.00,1,-1,-1,-1
84,1750,785.00,175.00,31.00,35.00,1,-1,-1,-1
84,1746,838.00,204.00,38.00,84.00,1,-1,-1,-1
84,1526,894.00,145.00,65.00,197.00,1,-1,-1,-1
85,1750,786.00,177.00,35.00,35.00,1,-1,-1,-1
85,1526,929.00,140.00,76.00,221.00,1,-1,-1,-1
86,1771,297.00,186.00,21.00,45.00,1,-1,-1,-1
86,1769,611.00,173.00,20.00,37.00,1,-1,-1,-1
86,1750,789.00,178.00,36.00,35.00,1,-1,-1,-1
86,1526,971.00,142.00,86.00,224.00,1,-1,-1,-1
87,1781,863.00,168.00,19.00,51.00,1,-1,-1,-1
87,1778,907.00,177.00,22.00,43.00,1,-1,-1,-1
87,1750,791.00,178.00,34.00,37.00,1,-1,-1,-1
87,1526,1016.00,134.00,109.00,241.00,1,-1,-1,-1
88,1781,865.00,168.00,23.00,52.00,1,-1,-1,-1
88,1778,912.00,174.00,22.00,46.00,1,-1,-1,-1
88,1750,795.00,179.00,33.00,37.00,1,-1,-1,-1
88,1526,1074.00,131.00,151.00,244.00,1,-1,-1,-1
89,1781,871.00,169.00,21.00,51.00,1,-1,-1,-1
89,1778,921.00,176.00,23.00,46.00,1,-1,-1,-1
89,1750,796.00,179.00,39.00,38.00,1,-1,-1,-1
89,1526,1024.00,222.00,79.00,144.00,1,-1,-1,-1
90,1781,874.00,167.00,28.00,54.00,1,-1,-1,-1
90,1778,929.00,176.00,23.00,47.00,1,-1,-1,-1
90,1750,795.00,177.00,40.00,39.00,1,-1,-1,-1
90,1526,1031.00,204.00,76.00,169.00,1,-1,-1,-1
91,1798,205.00,185.00,47.00,56.00,1,-1,-1,-1
91,1781,881.00,168.00,24.00,54.00,1,-1,-1,-1
91,1778,936.00,174.00,24.00,52.00,1,-1,-1,-1
91,1750,797.00,180.00,40.00,40.00,1,-1,-1,-1
92,1798,186.00,186.00,38.00,60.00,1,-1,-1,-1
92,1781,886.00,167.00,26.00,58.00,1,-1,-1,-1
92,1778,945.00,177.00,25.00,52.00,1,-1,-1,-1
92,1750,804.00,181.00,46.00,40.00,1,-1,-1,-1
93,1798,167.00,188.00,39.00,63.00,1,-1,-1,-1
93,1781,893.00,167.00,25.00,60.00,1,-1,-1,-1
93,1778,955.00,167.00,25.00,65.00,1,-1,-1,-1
93,1750,810.00,181.00,33.00,42.00,1,-1,-1,-1
94,1798,148.00,192.00,36.00,59.00,1,-1,-1,-1
94,1781,898.00,168.00,28.00,61.00,1,-1,-1,-1
94,1778,965.00,165.00,29.00,70.00,1,-1,-1,-1
94,1750,812.00,183.00,39.00,42.00,1,-1,-1,-1
95,1781,904.00,170.00,27.00,61.00,1,-1,-1,-1
95,1778,980.00,167.00,27.00,72.00,1,-1,-1,-1
95,1750,814.00,183.00,52.00,44.00,1,-1,-1,-1
96,1781,911.00,167.00,27.00,65.00,1,-1,-1,-1
96,1778,990.00,165.00,30.00,75.00,1,-1,-1,-1
96,1750,820.00,182.00,39.00,46.00,1,-1,-1,-1
97,1823,591.00,165.00,9.00,35.00,1,-1,-1,-1
97,1781,919.00,167.00,29.00,67.00,1,-1,-1,-1
97,1778,1006.00,165.00,31.00,77.00,1,-1,-1,-1
97,1750,819.00,184.00,60.00,46.00,1,-1,-1,-1
98,1781,928.00,167.00,30.00,71.00,1,-1,-1,-1
98,1778,1021.00,166.00,30.00,81.00,1,-1,-1,-1
98,1750,842.00,185.00,42.00,48.00,1,-1,-1,-1
99,1781,937.00,168.00,26.00,71.00,1,-1,-1,-1
99,1778,1034.00,166.00,36.00,83.00,1,-1,-1,-1
100,1845,721.00,167.00,8.00,15.00,1,-1,-1,-1
100,1781,946.00,167.00,27.00,72.00,1,-1,-1,-1
100,1778,1050.00,163.00,36.00,88.00,1,-1,-1,-1
101,1823,583.00,162.00,9.00,39.00,1,-1,-1,-1
101,1781,955.00,166.00,32.00,75.00,1,-1,-1,-1
101,1778,1065.00,163.00,41.00,91.00,1,-1,-1,-1
102,1849,511.00,170.00,17.00,39.00,1,-1,-1,-1
102,1823,579.00,164.00,10.00,36.00,1,-1,-1,-1
102,1781,969.00,166.00,32.00,79.00,1,-1,-1,-1
102,1778,1085.00,164.00,43.00,95.00,1,-1,-1,-1
103,1856,255.00,163.00,21.00,55.00,1,-1,-1,-1
103,1849,509.00,174.00,17.00,45.00,1,-1,-1,-1
103,1781,980.00,164.00,24.00,80.00,1,-1,-1,-1
103,1778,1105.00,163.00,49.00,99.00,1,-1,-1,-1
104,1856,245.00,163.00,20.00,57.00,1,-1,-1,-1
104,1849,506.00,171.00,17.00,49.00,1,-1,-1,-1
104,1781,992.00,162.00,24.00,83.00,1,-1,-1,-1
104,1778,1128.00,161.00,53.00,103.00,1,-1,-1,-1
104,1750,856.00,181.00,52.00,55.00,1,-1,-1,-1
105,1856,233.00,163.00,21.00,60.00,1,-1,-1,-1
105,1849,502.00,174.00,18.00,49.00,1,-1,-1,-1
105,1781,1003.00,159.00,32.00,88.00,1,-1,-1,-1
105,1778,1154.00,158.00,57.00,109.00,1,-1,-1,-1
106,1862,203.00,156.00,28.00,72.00,1,-1,-1,-1
106,1856,219.00,165.00,21.00,61.00,1,-1,-1,-1
106,1849,498.00,177.00,18.00,49.00,1,-1,-1,-1
106,1781,1017.00,161.00,34.00,90.00,1,-1,-1,-1
106,1778,1178.00,158.00,59.00,117.00,1,-1,-1,-1
107,1862,189.00,158.00,28.00,73.00,1,-1,-1,-1
107,1856,208.00,166.00,22.00,63.00,1,-1,-1,-1
107,1849,494.00,176.00,20.00,54.00,1,-1,-1,-1
107,1781,1031.00,163.00,37.00,91.00,1,-1,-1,-1
107,1778,1203.00,162.00,36.00,88.00,1,-1,-1,-1
108,1867,655.00,172.00,7.00,18.00,1,-1,-1,-1
108,1862,174.00,155.00,29.00,78.00,1,-1,-1,-1
108,1856,192.00,166.00,23.00,63.00,1,-1,-1,-1
108,1849,490.00,177.00,19.00,54.00,1,-1,-1,-1
108,1781,1047.00,164.00,37.00,97.00,1,-1,-1,-1
109,1868,661.00,171.00,5.00,14.00,1,-1,-1,-1
109,1867,654.00,171.00,6.00,18.00,1,-1,-1,-1
109,1862,176.00,164.00,22.00,66.00,1,-1,-1,-1
109,1849,484.00,176.00,22.00,55.00,1,-1,-1,-1
109,1781,1064.00,162.00,30.00,101.00,1,-1,-1,-1
110,1870,956.00,186.00,67.00,79.00,1,-1,-1,-1
110,1867,652.00,171.00,7.00,16.00,1,-1,-1,-1
110,1849,480.00,174.00,23.00,58.00,1,-1,-1,-1
110,1781,1080.00,160.00,41.00,106.00,1,-1,-1,-1
111,1867,649.00,168.00,8.00,19.00,1,-1,-1,-1
111,1849,474.00,173.00,23.00,59.00,1,-1,-1,-1
111,1781,1099.00,159.00,47.00,111.00,1,-1,-1,-1
112,1867,648.00,170.00,8.00,16.00,1,-1,-1,-1
112,1849,469.00,174.00,23.00,62.00,1,-1,-1,-1
112,1781,1120.00,160.00,51.00,114.00,1,-1,-1,-1
113,1867,645.00,168.00,8.00,21.00,1,-1,-1,-1
113,1849,463.00,175.00,24.00,63.00,1,-1,-1,-1
113,1781,1143.00,162.00,53.00,117.00,1,-1,-1,-1
114,1867,644.00,172.00,7.00,19.00,1,-1,-1,-1
114,1849,459.00,175.00,26.00,68.00,1,-1,-1,-1
114,1781,1171.00,160.00,48.00,123.00,1,-1,-1,-1
115,1849,450.00,177.00,28.00,70.00,1,-1,-1,-1
115,1781,1193.00,159.00,46.00,128.00,1,-1,-1,-1
116,1890,1053.00,192.00,59.00,100.00,1,-1,-1,-1
116,1849,445.00,180.00,28.00,70.00,1,-1,-1,-1
116,1781,1222.00,164.00,17.00,120.00,1,-1,-1,-1
117,1890,1103.00,212.00,65.00,91.00,1,-1,-1,-1
117,1849,437.00,176.00,29.00,76.00,1,-1,-1,-1
118,1849,427.00,175.00,34.00,80.00,1,-1,-1,-1
119,1899,675.00,159.00,7.00,19.00,1,-1,-1,-1
119,1849,416.00,173.00,36.00,84.00,1,-1,-1,-1
120,1899,671.00,160.00,9.00,18.00,1,-1,-1,-1
120,1898,681.00,164.00,8.00,21.00,1,-1,-1,-1
120,1849,403.00,176.00,40.00,86.00,1,-1,-1,-1
121,1899,665.00,159.00,11.00,24.00,1,-1,-1,-1
121,1898,678.00,165.00,9.00,21.00,1,-1,-1,-1
121,1849,388.00,177.00,45.00,94.00,1,-1,-1,-1
122,1898,674.00,168.00,8.00,19.00,1,-1,-1,-1
122,1849,373.00,179.00,45.00,99.00,1,-1,-1,-1
123,1849,359.00,181.00,41.00,102.00,1,-1,-1,-1
124,1849,343.00,180.00,44.00,109.00,1,-1,-1,-1
125,1849,326.00,179.00,51.00,116.00,1,-1,-1,-1
126,1898,661.00,167.00,9.00,21.00,1,-1,-1,-1
126,1849,307.00,179.00,54.00,124.00,1,-1,-1,-1
127,1898,657.00,165.00,8.00,21.00,1,-1,-1,-1
127,1849,285.00,180.00,57.00,133.00,1,-1,-1,-1
128,1907,663.00,156.00,9.00,25.00,1,-1,-1,-1
128,1898,653.00,164.00,10.00,22.00,1,-1,-1,-1
128,1849,254.00,184.00,65.00,140.00,1,-1,-1,-1
129,1909,642.00,166.00,9.00,20.00,1,-1,-1,-1
129,1849,216.00,183.00,76.00,154.00,1,-1,-1,-1
130,1908,605.00,165.00,6.00,17.00,1,-1,-1,-1
130,1849,177.00,188.00,80.00,164.00,1,-1,-1,-1
131,1849,130.00,186.00,86.00,186.00,1,-1,-1,-1
132,1849,69.00,191.00,98.00,184.00,1,-1,-1,-1
133,1849,2.00,194.00,106.00,181.00,1,-1,-1,-1
135,1915,588.00,167.00,7.00,16.00,1,-1,-1,-1
136,1915,585.00,170.00,7.00,17.00,1,-1,-1,-1
137,1915,581.00,169.00,8.00,19.00,1,-1,-1,-1
138,1915,580.00,170.00,7.00,17.00,1,-1,-1,-1
139,1915,577.00,169.00,8.00,17.00,1,-1,-1,-1
140,1921,721.00,171.00,17.00,38.00,1,-1,-1,-1
140,1915,576.00,170.00,6.00,15.00,1,-1,-1,-1
141,1922,622.00,169.00,11.00,26.00,1,-1,-1,-1
141,1915,575.00,170.00,7.00,14.00,1,-1,-1,-1
142,1922,621.00,166.00,11.00,28.00,1,-1,-1,-1
142,1915,575.00,170.00,6.00,14.00,1,-1,-1,-1
143,1915,575.00,168.00,5.00,15.00,1,-1,-1,-1
144,1921,727.00,170.00,19.00,40.00,1,-1,-1,-1
144,1915,574.00,167.00,6.00,16.00,1,-1,-1,-1
145,1930,464.00,169.00,11.00,37.00,1,-1,-1,-1
145,1921,729.00,171.00,18.00,40.00,1,-1,-1,-1
145,1915,574.00,167.00,7.00,16.00,1,-1,-1,-1
146,1930,462.00,166.00,13.00,41.00,1,-1,-1,-1
146,1921,730.00,173.00,19.00,39.00,1,-1,-1,-1
146,1915,574.00,167.00,6.00,17.00,1,-1,-1,-1
147,1932,470.00,168.00,9.00,37.00,1,-1,-1,-1
147,1930,461.00,167.00,13.00,39.00,1,-1,-1,-1
147,1915,574.00,166.00,7.00,18.00,1,-1,-1,-1
148,1930,460.00,168.00,14.00,40.00,1,-1,-1,-1
148,1915,575.00,169.00,6.00,16.00,1,-1,-1,-1
149,1930,458.00,170.00,14.00,38.00,1,-1,-1,-1
149,1915,574.00,170.00,7.00,17.00,1,-1,-1,-1
150,1940,618.00,169.00,7.00,18.00,1,-1,-1,-1
150,1939,763.00,175.00,13.00,40.00,1,-1,-1,-1
150,1930,456.00,168.00,15.00,41.00,1,-1,-1,-1
150,1921,747.00,178.00,15.00,41.00,1,-1,-1,-1
150,1915,575.00,169.00,6.00,17.00,1,-1,-1,-1
151,1939,765.00,174.00,15.00,41.00,1,-1,-1,-1
151,1930,455.00,167.00,16.00,42.00,1,-1,-1,-1
151,1915,575.00,166.00,7.00,19.00,1,-1,-1,-1
152,1939,769.00,170.00,16.00,44.00,1,-1,-1,-1
152,1930,453.00,163.00,19.00,46.00,1,-1,-1,-1
152,1915,574.00,167.00,8.00,19.00,1,-1,-1,-1
153,1939,773.00,173.00,13.00,40.00,1,-1,-1,-1
153,1930,452.00,164.00,15.00,44.00,1,-1,-1,-1
153,1915,574.00,167.00,7.00,18.00,1,-1,-1,-1
154,1930,452.00,158.00,15.00,46.00,1,-1,-1,-1
154,1915,574.00,164.00,7.00,17.00,1,-1,-1,-1
155,1930,449.00,158.00,16.00,44.00,1,-1,-1,-1
155,1915,574.00,163.00,8.00,17.00,1,-1,-1,-1
156,1930,446.00,159.00,17.00,43.00,1,-1,-1,-1
156,1915,574.00,164.00,7.00,17.00,1,-1,-1,-1
157,1930,443.00,161.00,20.00,43.00,1,-1,-1,-1
157,1915,574.00,165.00,7.00,18.00,1,-1,-1,-1
158,1930,441.00,162.00,19.00,45.00,1,-1,-1,-1
158,1915,573.00,164.00,8.00,20.00,1,-1,-1,-1
159,1950,555.00,167.00,9.00,27.00,1,-1,-1,-1
159,1930,439.00,160.00,20.00,48.00,1,-1,-1,-1
159,1915,573.00,164.00,8.00,21.00,1,-1,-1,-1
160,1950,554.00,167.00,9.00,25.00,1,-1,-1,-1
160,1930,439.00,162.00,17.00,45.00,1,-1,-1,-1
160,1915,571.00,164.00,9.00,21.00,1,-1,-1,-1
161,1956,790.00,173.00,19.00,44.00,1,-1,-1,-1
161,1950,554.00,168.00,9.00,26.00,1,-1,-1,-1
161,1930,440.00,163.00,13.00,47.00,1,-1,-1,-1
161,1915,572.00,167.00,7.00,20.00,1,-1,-1,-1
162,1959,770.00,177.00,22.00,48.00,1,-1,-1,-1
162,1956,792.00,172.00,23.00,46.00,1,-1,-1,-1
162,1955,632.00,168.00,15.00,33.00,1,-1,-1,-1
162,1915,570.00,167.00,8.00,20.00,1,-1,-1,-1
163,1956,796.00,177.00,22.00,43.00,1,-1,-1,-1
163,1955,634.00,169.00,14.00,33.00,1,-1,-1,-1
163,1915,570.00,168.00,8.00,19.00,1,-1,-1,-1
164,1956,802.00,176.00,21.00,48.00,1,-1,-1,-1
164,1955,634.00,169.00,15.00,36.00,1,-1,-1,-1
164,1915,571.00,171.00,6.00,18.00,1,-1,-1,-1
165,1955,635.00,170.00,16.00,36.00,1,-1,-1,-1
165,1915,570.00,171.00,8.00,19.00,1,-1,-1,-1
166,1964,607.00,171.00,8.00,18.00,1,-1,-1,-1
166,1959,783.00,182.00,20.00,26.00,1,-1,-1,-1
166,1955,636.00,169.00,17.00,37.00,1,-1,-1,-1
166,1915,570.00,170.00,8.00,19.00,1,-1,-1,-1
167,1964,605.00,167.00,10.00,18.00,1,-1,-1,-1
167,1955,637.00,164.00,16.00,40.00,1,-1,-1,-1
167,1915,569.00,166.00,9.00,21.00,1,-1,-1,-1
168,1955,636.00,162.00,19.00,42.00,1,-1,-1,-1
168,1915,568.00,165.00,9.00,21.00,1,-1,-1,-1
169,1955,637.00,159.00,18.00,44.00,1,-1,-1,-1
169,1915,568.00,165.00,9.00,21.00,1,-1,-1,-1
170,1972,560.00,167.00,8.00,19.00,1,-1,-1,-1
170,1955,639.00,158.00,17.00,47.00,1,-1,-1,-1
170,1915,567.00,164.00,9.00,23.00,1,-1,-1,-1
171,1972,559.00,165.00,7.00,19.00,1,-1,-1,-1
171,1964,597.00,162.00,11.00,22.00,1,-1,-1,-1
171,1955,640.00,160.00,15.00,43.00,1,-1,-1,-1
171,1915,566.00,162.00,9.00,22.00,1,-1,-1,-1
172,1964,595.00,163.00,9.00,19.00,1,-1,-1,-1
172,1955,639.00,160.00,17.00,40.00,1,-1,-1,-1
172,1915,564.00,162.00,8.00,22.00,1,-1,-1,-1
173,1976,614.00,163.00,6.00,14.00,1,-1,-1,-1
173,1964,591.00,161.00,11.00,23.00,1,-1,-1,-1
173,1955,638.00,163.00,15.00,39.00,1,-1,-1,-1
173,1915,562.00,163.00,8.00,22.00,1,-1,-1,-1
174,1977,598.00,165.00,6.00,18.00,1,-1,-1,-1
174,1964,588.00,166.00,9.00,20.00,1,-1,-1,-1
174,1955,636.00,168.00,15.00,36.00,1,-1,-1,-1
174,1915,558.00,166.00,8.00,21.00,1,-1,-1,-1
175,1972,547.00,171.00,6.00,15.00,1,-1,-1,-1
175,1955,632.00,162.00,13.00,39.00,1,-1,-1,-1
175,1915,553.00,163.00,8.00,23.00,1,-1,-1,-1
176,1972,541.00,167.00,8.00,19.00,1,-1,-1,-1
176,1955,625.00,159.00,20.00,45.00,1,-1,-1,-1
176,1915,549.00,163.00,8.00,23.00,1,-1,-1,-1
177,1982,613.00,176.00,13.00,26.00,1,-1,-1,-1
177,1972,537.00,172.00,6.00,15.00,1,-1,-1,-1
177,1955,623.00,166.00,19.00,38.00,1,-1,-1,-1
178,1982,607.00,176.00,14.00,29.00,1,-1,-1,-1
178,1955,620.00,168.00,15.00,36.00,1,-1,-1,-1
179,1984,881.00,191.00,38.00,54.00,1,-1,-1,-1
179,1955,613.00,166.00,13.00,41.00,1,-1,-1,-1
180,1955,605.00,168.00,17.00,40.00,1,-1,-1,-1
181,1983,854.00,186.00,26.00,54.00,1,-1,-1,-1
181,1955,599.00,165.00,12.00,41.00,1,-1,-1,-1
182,1983,851.00,186.00,25.00,53.00,1,-1,-1,-1
183,1983,843.00,186.00,27.00,56.00,1,-1,-1,-1
186,1998,565.00,169.00,17.00,36.00,1,-1,-1,-1
187,2009,546.00,168.00,16.00,41.00,1,-1,-1,-1
187,1998,565.00,171.00,14.00,34.00,1,-1,-1,-1
187,1983,835.00,188.00,26.00,46.00,1,-1,-1,-1
188,2011,474.00,167.00,10.00,25.00,1,-1,-1,-1
188,2009,546.00,170.00,17.00,39.00,1,-1,-1,-1
188,1998,564.00,166.00,18.00,37.00,1,-1,-1,-1
188,1983,839.00,188.00,29.00,53.00,1,-1,-1,-1
189,2015,467.00,172.00,9.00,25.00,1,-1,-1,-1
189,2014,500.00,169.00,9.00,22.00,1,-1,-1,-1
189,2011,475.00,169.00,10.00,23.00,1,-1,-1,-1
189,2009,546.00,177.00,17.00,35.00,1,-1,-1,-1
189,1998,569.00,169.00,19.00,35.00,1,-1,-1,-1
190,2015,469.00,171.00,11.00,28.00,1,-1,-1,-1
190,2014,502.00,171.00,10.00,21.00,1,-1,-1,-1
190,2011,478.00,170.00,11.00,24.00,1,-1,-1,-1
190,2009,548.00,182.00,18.00,31.00,1,-1,-1,-1
190,1998,571.00,173.00,20.00,35.00,1,-1,-1,-1
191,2015,473.00,169.00,11.00,30.00,1,-1,-1,-1
191,2014,505.00,169.00,10.00,23.00,1,-1,-1,-1
191,2011,482.00,170.00,9.00,23.00,1,-1,-1,-1
191,2009,556.00,170.00,15.00,45.00,1,-1,-1,-1
191,1998,574.00,171.00,19.00,33.00,1,-1,-1,-1
192,2009,563.00,173.00,15.00,40.00,1,-1,-1,-1
192,1983,875.00,192.00,30.00,62.00,1,-1,-1,-1
193,1983,890.00,193.00,30.00,62.00,1,-1,-1,-1
194,1983,905.00,194.00,30.00,61.00,1,-1,-1,-1
195,1983,913.00,198.00,38.00,64.00,1,-1,-1,-1
196,1983,929.00,198.00,40.00,66.00,1,-1,-1,-1
197,2034,1000.00,197.00,38.00,60.00,1,-1,-1,-1
197,1983,949.00,199.00,40.00,68.00,1,-1,-1,-1
198,2034,1024.00,199.00,36.00,57.00,1,-1,-1,-1
198,1983,968.00,201.00,42.00,69.00,1,-1,-1,-1
199,1983,987.00,197.00,44.00,75.00,1,-1,-1,-1
200,1983,1012.00,201.00,45.00,73.00,1,-1,-1,-1
201,1983,1037.00,203.00,46.00,74.00,1,-1,-1,-1
202,1983,1064.00,204.00,43.00,73.00,1,-1,-1,-1
203,1983,1092.00,201.00,49.00,87.00,1,-1,-1,-1
204,2068,1203.00,206.00,34.00,64.00,1,-1,-1,-1
204,1983,1120.00,202.00,51.00,91.00,1,-1,-1,-1
205,1983,1150.00,205.00,54.00,92.00,1,-1,-1,-1
206,2073,684.00,180.00,21.00,47.00,1,-1,-1,-1
206,1983,1183.00,208.00,53.00,99.00,1,-1,-1,-1
207,2073,696.00,181.00,19.00,49.00,1,-1,-1,-1
208,2085,725.00,168.00,15.00,45.00,1,-1,-1,-1
208,2079,619.00,175.00,12.00,32.00,1,-1,-1,-1
208,2073,703.00,181.00,22.00,52.00,1,-1,-1,-1
209,2085,733.00,173.00,13.00,31.00,1,-1,-1,-1
209,2083,692.00,176.00,8.00,16.00,1,-1,-1,-1
209,2079,623.00,179.00,12.00,30.00,1,-1,-1,-1
209,2073,710.00,184.00,21.00,51.00,1,-1,-1,-1
210,2085,737.00,170.00,15.00,35.00,1,-1,-1,-1
210,2083,696.00,176.00,8.00,16.00,1,-1,-1,-1
210,2079,627.00,174.00,14.00,34.00,1,-1,-1,-1
210,2073,713.00,187.00,21.00,50.00,1,-1,-1,-1
211,2096,645.00,178.00,10.00,24.00,1,-1,-1,-1
211,2085,742.00,177.00,11.00,29.00,1,-1,-1,-1
211,2083,698.00,177.00,8.00,16.00,1,-1,-1,-1
211,2079,628.00,174.00,13.00,34.00,1,-1,-1,-1
211,2073,718.00,186.00,24.00,51.00,1,-1,-1,-1
212,2099,760.00,178.00,10.00,29.00,1,-1,-1,-1
212,2096,646.00,177.00,10.00,25.00,1,-1,-1,-1
212,2085,746.00,177.00,10.00,29.00,1,-1,-1,-1
212,2083,699.00,178.00,9.00,17.00,1,-1,-1,-1
212,2079,631.00,177.00,13.00,30.00,1,-1,-1,-1
212,2073,719.00,195.00,19.00,46.00,1,-1,-1,-1
213,2104,626.00,178.00,7.00,21.00,1,-1,-1,-1
213,2102,678.00,181.00,8.00,16.00,1,-1,-1,-1
213,2099,758.00,176.00,13.00,32.00,1,-1,-1,-1
213,2096,645.00,178.00,12.00,29.00,1,-1,-1,-1
213,2085,748.00,178.00,11.00,27.00,1,-1,-1,-1
213,2083,701.00,179.00,8.00,16.00,1,-1,-1,-1
213,2079,633.00,187.00,12.00,23.00,1,-1,-1,-1
214,2104,621.00,178.00,8.00,20.00,1,-1,-1,-1
214,2099,762.00,178.00,12.00,29.00,1,-1,-1,-1
214,2096,646.00,178.00,10.00,28.00,1,-1,-1,-1
214,2085,750.00,176.00,11.00,32.00,1,-1,-1,-1
214,2083,701.00,178.00,9.00,17.00,1,-1,-1,-1
214,2079,632.00,182.00,12.00,29.00,1,-1,-1,-1
215,2107,729.00,188.00,27.00,58.00,1,-1,-1,-1
215,2099,762.00,175.00,11.00,29.00,1,-1,-1,-1
215,2096,645.00,176.00,10.00,29.00,1,-1,-1,-1
215,2085,751.00,174.00,10.00,28.00,1,-1,-1,-1
215,2083,701.00,177.00,9.00,16.00,1,-1,-1,-1
215,2079,634.00,177.00,12.00,32.00,1,-1,-1,-1
216,2111,785.00,165.00,34.00,83.00,1,-1,-1,-1
216,2107,730.00,189.00,28.00,57.00,1,-1,-1,-1
216,2099,763.00,172.00,11.00,32.00,1,-1,-1,-1
216,2096,643.00,176.00,11.00,29.00,1,-1,-1,-1
216,2085,748.00,169.00,16.00,31.00,1,-1,-1,-1
216,2083,699.00,175.00,9.00,16.00,1,-1,-1,-1
216,2079,633.00,177.00,13.00,33.00,1,-1,-1,-1
217,2116,707.00,172.00,7.00,17.00,1,-1,-1,-1
217,2114,780.00,174.00,13.00,26.00,1,-1,-1,-1
217,2111,791.00,164.00,34.00,68.00,1,-1,-1,-1
217,2107,733.00,191.00,22.00,56.00,1,-1,-1,-1
217,2099,763.00,167.00,11.00,39.00,1,-1,-1,-1
217,2096,640.00,170.00,12.00,32.00,1,-1,-1,-1
217,2085,749.00,170.00,17.00,30.00,1,-1,-1,-1
217,2083,699.00,172.00,8.00,15.00,1,-1,-1,-1
217,2079,634.00,174.00,10.00,32.00,1,-1,-1,-1
218,2114,779.00,172.00,13.00,26.00,1,-1,-1,-1
218,2111,803.00,166.00,29.00,59.00,1,-1,-1,-1
218,2107,735.00,190.00,21.00,57.00,1,-1,-1,-1
218,2099,764.00,165.00,11.00,33.00,1,-1,-1,-1
218,2096,639.00,170.00,12.00,34.00,1,-1,-1,-1
218,2085,744.00,162.00,23.00,34.00,1,-1,-1,-1
218,2083,697.00,169.00,8.00,17.00,1,-1,-1,-1
218,2079,632.00,171.00,11.00,34.00,1,-1,-1,-1
219,2114,779.00,171.00,12.00,25.00,1,-1,-1,-1
219,2111,796.00,162.00,47.00,97.00,1,-1,-1,-1
219,2103,685.00,168.00,7.00,20.00,1,-1,-1,-1
219,2102,668.00,170.00,8.00,17.00,1,-1,-1,-1
219,2099,763.00,166.00,11.00,31.00,1,-1,-1,-1
219,2096,637.00,168.00,11.00,34.00,1,-1,-1,-1
219,2083,695.00,168.00,8.00,17.00,1,-1,-1,-1
219,2079,630.00,168.00,14.00,36.00,1,-1,-1,-1
220,2121,614.00,165.00,16.00,38.00,1,-1,-1,-1
220,2120,746.00,177.00,28.00,73.00,1,-1,-1,-1
220,2111,799.00,157.00,52.00,108.00,1,-1,-1,-1
220,2103,681.00,167.00,8.00,22.00,1,-1,-1,-1
220,2083,692.00,167.00,8.00,18.00,1,-1,-1,-1
220,2079,628.00,169.00,14.00,35.00,1,-1,-1,-1
221,2123,590.00,167.00,8.00,14.00,1,-1,-1,-1
221,2121,612.00,167.00,15.00,38.00,1,-1,-1,-1
221,2120,750.00,181.00,29.00,72.00,1,-1,-1,-1
221,2103,680.00,169.00,6.00,19.00,1,-1,-1,-1
221,2083,690.00,168.00,7.00,17.00,1,-1,-1,-1
221,2079,624.00,171.00,13.00,35.00,1,-1,-1,-1
222,2123,587.00,170.00,8.00,16.00,1,-1,-1,-1
222,2121,609.00,170.00,15.00,38.00,1,-1,-1,-1
222,2120,753.00,181.00,32.00,76.00,1,-1,-1,-1
222,2103,678.00,171.00,6.00,21.00,1,-1,-1,-1
222,2085,743.00,166.00,13.00,34.00,1,-1,-1,-1
222,2083,687.00,171.00,8.00,17.00,1,-1,-1,-1
222,2079,621.00,172.00,14.00,36.00,1,-1,-1,-1
223,2121,605.00,172.00,17.00,40.00,1,-1,-1,-1
223,2120,759.00,175.00,31.00,87.00,1,-1,-1,-1
223,2103,675.00,174.00,7.00,21.00,1,-1,-1,-1
223,2085,740.00,168.00,15.00,37.00,1,-1,-1,-1
223,2083,685.00,173.00,8.00,17.00,1,-1,-1,-1
223,2079,622.00,175.00,11.00,36.00,1,-1,-1,-1
224,2121,603.00,173.00,14.00,39.00,1,-1,-1,-1
224,2120,755.00,183.00,38.00,88.00,1,-1,-1,-1
224,2103,673.00,175.00,7.00,21.00,1,-1,-1,-1
224,2085,740.00,168.00,14.00,39.00,1,-1,-1,-1
224,2083,682.00,174.00,8.00,16.00,1,-1,-1,-1
224,2079,615.00,175.00,15.00,38.00,1,-1,-1,-1
225,2128,648.00,177.00,10.00,18.00,1,-1,-1,-1
225,2121,600.00,172.00,17.00,41.00,1,-1,-1,-1
225,2120,761.00,185.00,38.00,93.00,1,-1,-1,-1
225,2103,671.00,175.00,8.00,23.00,1,-1,-1,-1
225,2085,741.00,169.00,14.00,37.00,1,-1,-1,-1
225,2083,681.00,175.00,8.00,17.00,1,-1,-1,-1
225,2079,616.00,175.00,13.00,38.00,1,-1,-1,-1
226,2130,758.00,169.00,13.00,37.00,1,-1,-1,-1
226,2128,645.00,176.00,10.00,17.00,1,-1,-1,-1
226,2121,599.00,171.00,17.00,42.00,1,-1,-1,-1
226,2120,770.00,179.00,43.00,104.00,1,-1,-1,-1
226,2103,670.00,173.00,8.00,22.00,1,-1,-1,-1
226,2085,743.00,168.00,13.00,38.00,1,-1,-1,-1
226,2083,680.00,173.00,9.00,17.00,1,-1,-1,-1
226,2079,615.00,174.00,13.00,39.00,1,-1,-1,-1
227,2133,870.00,161.00,62.00,103.00,1,-1,-1,-1
227,2130,759.00,166.00,12.00,39.00,1,-1,-1,-1
227,2128,641.00,174.00,9.00,19.00,1,-1,-1,-1
227,2121,596.00,169.00,19.00,44.00,1,-1,-1,-1
227,2120,783.00,178.00,41.00,108.00,1,-1,-1,-1
227,2103,669.00,172.00,7.00,23.00,1,-1,-1,-1
227,2085,744.00,167.00,13.00,38.00,1,-1,-1,-1
227,2083,680.00,171.00,8.00,17.00,1,-1,-1,-1
227,2079,613.00,173.00,15.00,38.00,1,-1,-1,-1
228,2133,886.00,163.00,53.00,113.00,1,-1,-1,-1
228,2130,760.00,167.00,13.00,39.00,1,-1,-1,-1
228,2121,594.00,168.00,19.00,46.00,1,-1,-1,-1
228,2120,787.00,179.00,50.00,118.00,1,-1,-1,-1
228,2103,668.00,171.00,8.00,25.00,1,-1,-1,-1
228,2085,745.00,168.00,12.00,38.00,1,-1,-1,-1
228,2083,678.00,172.00,9.00,18.00,1,-1,-1,-1
228,2079,612.00,173.00,16.00,40.00,1,-1,-1,-1
229,2138,584.00,173.00,12.00,35.00,1,-1,-1,-1
229,2130,762.00,168.00,12.00,39.00,1,-1,-1,-1
229,2121,593.00,171.00,19.00,44.00,1,-1,-1,-1
229,2103,668.00,174.00,7.00,23.00,1,-1,-1,-1
229,2085,745.00,168.00,13.00,40.00,1,-1,-1,-1
229,2083,677.00,173.00,8.00,19.00,1,-1,-1,-1
229,2079,611.00,176.00,16.00,39.00,1,-1,-1,-1
230,2138,583.00,173.00,12.00,35.00,1,-1,-1,-1
230,2130,762.00,170.00,16.00,38.00,1,-1,-1,-1
230,2121,592.00,173.00,18.00,43.00,1,-1,-1,-1
230,2103,666.00,176.00,7.00,22.00,1,-1,-1,-1
230,2085,746.00,169.00,13.00,40.00,1,-1,-1,-1
230,2083,676.00,175.00,7.00,17.00,1,-1,-1,-1
230,2079,608.00,176.00,19.00,40.00,1,-1,-1,-1
231,2130,761.00,171.00,16.00,39.00,1,-1,-1,-1
231,2121,588.00,173.00,19.00,44.00,1,-1,-1,-1
231,2103,663.00,175.00,7.00,24.00,1,-1,-1,-1
231,2085,743.00,171.00,16.00,39.00,1,-1,-1,-1
231,2083,673.00,176.00,9.00,16.00,1,-1,-1,-1
231,2079,607.00,177.00,16.00,40.00,1,-1,-1,-1
232,2144,597.00,174.00,10.00,39.00,1,-1,-1,-1
232,2139,776.00,179.00,10.00,28.00,1,-1,-1,-1
232,2130,759.00,168.00,19.00,43.00,1,-1,-1,-1
232,2121,583.00,173.00,19.00,45.00,1,-1,-1,-1
232,2103,660.00,176.00,8.00,23.00,1,-1,-1,-1
232,2085,744.00,171.00,12.00,40.00,1,-1,-1,-1
232,2083,670.00,176.00,8.00,17.00,1,-1,-1,-1
232,2079,602.00,177.00,17.00,42.00,1,-1,-1,-1
233,2148,561.00,175.00,10.00,40.00,1,-1,-1,-1
233,2144,594.00,176.00,8.00,38.00,1,-1,-1,-1
233,2139,775.00,180.00,8.00,27.00,1,-1,-1,-1
233,2130,760.00,167.00,17.00,44.00,1,-1,-1,-1
233,2121,579.00,173.00,19.00,48.00,1,-1,-1,-1
233,2103,656.00,175.00,8.00,25.00,1,-1,-1,-1
233,2085,740.00,170.00,15.00,41.00,1,-1,-1,-1
233,2083,665.00,175.00,9.00,19.00,1,-1,-1,-1
233,2079,596.00,177.00,17.00,41.00,1,-1,-1,-1
234,2150,871.00,190.00,97.00,159.00,1,-1,-1,-1
234,2148,554.00,176.00,14.00,44.00,1,-1,-1,-1
234,2146,754.00,172.00,7.00,30.00,1,-1,-1,-1
234,2144,589.00,176.00,8.00,39.00,1,-1,-1,-1
234,2139,773.00,180.00,9.00,27.00,1,-1,-1,-1
234,2130,759.00,168.00,17.00,44.00,1,-1,-1,-1
234,2121,573.00,173.00,21.00,49.00,1,-1,-1,-1
234,2103,653.00,175.00,8.00,25.00,1,-1,-1,-1
234,2085,739.00,169.00,14.00,43.00,1,-1,-1,-1
234,2083,662.00,175.00,9.00,20.00,1,-1,-1,-1
234,2079,594.00,177.00,15.00,43.00,1,-1,-1,-1
235,2152,1057.00,157.00,130.00,203.00,1,-1,-1,-1
235,2150,920.00,193.00,90.00,182.00,1,-1,-1,-1
235,2148,549.00,175.00,14.00,48.00,1,-1,-1,-1
235,2146,752.00,173.00,6.00,28.00,1,-1,-1,-1
235,2144,586.00,179.00,8.00,39.00,1,-1,-1,-1
235,2142,784.00,166.00,16.00,46.00,1,-1,-1,-1
235,2139,772.00,177.00,8.00,31.00,1,-1,-1,-1
235,2130,758.00,169.00,14.00,44.00,1,-1,-1,-1
235,2121,568.00,174.00,21.00,50.00,1,-1,-1,-1
235,2103,649.00,176.00,8.00,24.00,1,-1,-1,-1
235,2085,738.00,171.00,14.00,43.00,1,-1,-1,-1
235,2083,658.00,175.00,9.00,20.00,1,-1,-1,-1
235,2079,589.00,178.00,15.00,42.00,1,-1,-1,-1
236,2152,1102.00,160.00,137.00,215.00,1,-1,-1,-1
236,2150,950.00,197.00,112.00,176.00,1,-1,-1,-1
236,2148,541.00,176.00,15.00,50.00,1,-1,-1,-1
236,2144,581.00,182.00,11.00,37.00,1,-1,-1,-1
236,2139,769.00,183.00,9.00,26.00,1,-1,-1,-1
236,2130,757.00,171.00,14.00,43.00,1,-1,-1,-1
236,2121,562.00,175.00,21.00,49.00,1,-1,-1,-1
236,2103,646.00,178.00,8.00,24.00,1,-1,-1,-1
236,2085,735.00,169.00,16.00,47.00,1,-1,-1,-1
236,2083,655.00,177.00,9.00,20.00,1,-1,-1,-1
236,2079,584.00,179.00,18.00,43.00,1,-1,-1,-1
237,2152,1164.00,154.00,75.00,218.00,1,-1,-1,-1
237,2148,536.00,176.00,17.00,51.00,1,-1,-1,-1
237,2144,576.00,182.00,9.00,38.00,1,-1,-1,-1
237,2139,769.00,182.00,10.00,29.00,1,-1,-1,-1
237,2130,755.00,171.00,16.00,45.00,1,-1,-1,-1
237,2121,557.00,175.00,21.00,51.00,1,-1,-1,-1
237,2103,642.00,177.00,9.00,26.00,1,-1,-1,-1
237,2085,734.00,170.00,17.00,47.00,1,-1,-1,-1
237,2083,652.00,177.00,8.00,20.00,1,-1,-1,-1
237,2079,580.00,179.00,17.00,45.00,1,-1,-1,-1
238,2152,1091.00,200.00,147.00,155.00,1,-1,-1,-1
238,2148,531.00,174.00,14.00,54.00,1,-1,-1,-1
238,2144,568.00,178.00,13.00,41.00,1,-1,-1,-1
238,2139,768.00,178.00,9.00,31.00,1,-1,-1,-1
238,2130,752.00,169.00,18.00,47.00,1,-1,-1,-1
238,2121,550.00,175.00,21.00,53.00,1,-1,-1,-1
238,2103,638.00,175.00,9.00,28.00,1,-1,-1,-1
238,2085,734.00,170.00,16.00,47.00,1,-1,-1,-1
238,2083,647.00,177.00,9.00,20.00,1,-1,-1,-1
238,2079,577.00,179.00,15.00,44.00,1,-1,-1,-1
239,2148,522.00,174.00,15.00,54.00,1,-1,-1,-1
239,2144,561.00,175.00,13.00,45.00,1,-1,-1,-1
239,2139,766.00,174.00,8.00,34.00,1,-1,-1,-1
239,2130,750.00,167.00,18.00,49.00,1,-1,-1,-1
239,2121,541.00,172.00,23.00,59.00,1,-1,-1,-1
239,2103,633.00,175.00,8.00,26.00,1,-1,-1,-1
239,2085,729.00,168.00,18.00,49.00,1,-1,-1,-1
239,2083,642.00,175.00,9.00,21.00,1,-1,-1,-1
239,2079,569.00,178.00,17.00,47.00,1,-1,-1,-1
240,2148,516.00,174.00,16.00,53.00,1,-1,-1,-1
240,2139,763.00,177.00,7.00,32.00,1,-1,-1,-1
240,2130,748.00,167.00,18.00,49.00,1,-1,-1,-1
240,2121,532.00,172.00,24.00,60.00,1,-1,-1,-1
240,2085,726.00,167.00,18.00,49.00,1,-1,-1,-1
240,2083,637.00,175.00,8.00,20.00,1,-1,-1,-1
240,2079,563.00,176.00,18.00,48.00,1,-1,-1,-1
241,2148,507.00,174.00,18.00,57.00,1,-1,-1,-1
241,2139,758.00,170.00,10.00,37.00,1,-1,-1,-1
241,2130,744.00,166.00,18.00,51.00,1,-1,-1,-1
241,2121,523.00,172.00,24.00,62.00,1,-1,-1,-1
241,2085,724.00,164.00,19.00,52.00,1,-1,-1,-1
241,2079,557.00,176.00,17.00,49.00,1,-1,-1,-1
242,2148,499.00,172.00,18.00,60.00,1,-1,-1,-1
242,2130,740.00,167.00,20.00,50.00,1,-1,-1,-1
242,2121,514.00,173.00,21.00,63.00,1,-1,-1,-1
242,2085,722.00,165.00,17.00,52.00,1,-1,-1,-1
242,2079,550.00,176.00,16.00,51.00,1,-1,-1,-1
243,2148,489.00,172.00,18.00,62.00,1,-1,-1,-1
243,2144,523.00,175.00,19.00,56.00,1,-1,-1,-1
243,2130,739.00,169.00,17.00,50.00,1,-1,-1,-1
243,2121,502.00,171.00,24.00,69.00,1,-1,-1,-1
243,2085,719.00,165.00,20.00,54.00,1,-1,-1,-1
243,2079,543.00,178.00,16.00,50.00,1,-1,-1,-1
244,2177,613.00,175.00,9.00,21.00,1,-1,-1,-1
244,2163,1149.00,149.00,65.00,138.00,1,-1,-1,-1
244,2148,480.00,172.00,17.00,63.00,1,-1,-1,-1
244,2144,514.00,174.00,21.00,57.00,1,-1,-1,-1
244,2130,736.00,167.00,21.00,53.00,1,-1,-1,-1
244,2121,492.00,168.00,25.00,74.00,1,-1,-1,-1
244,2085,718.00,167.00,18.00,53.00,1,-1,-1,-1
244,2079,534.00,178.00,18.00,49.00,1,-1,-1,-1
245,2144,505.00,174.00,22.00,60.00,1,-1,-1,-1
245,2130,731.00,167.00,24.00,54.00,1,-1,-1,-1
245,2121,480.00,170.00,27.00,76.00,1,-1,-1,-1
245,2085,714.00,168.00,18.00,53.00,1,-1,-1,-1
245,2079,526.00,175.00,19.00,54.00,1,-1,-1,-1
246,2186,1172.00,154.00,63.00,141.00,1,-1,-1,-1
246,2144,496.00,173.00,21.00,63.00,1,-1,-1,-1
246,2130,729.00,167.00,24.00,55.00,1,-1,-1,-1
246,2121,463.00,173.00,34.00,75.00,1,-1,-1,-1
246,2085,711.00,168.00,17.00,55.00,1,-1,-1,-1
246,2079,518.00,177.00,19.00,54.00,1,-1,-1,-1
247,2186,1200.00,170.00,39.00,135.00,1,-1,-1,-1
247,2144,486.00,176.00,23.00,63.00,1,-1,-1,-1
247,2130,726.00,168.00,22.00,56.00,1,-1,-1,-1
247,2121,449.00,172.00,36.00,80.00,1,-1,-1,-1
247,2085,710.00,168.00,17.00,58.00,1,-1,-1,-1
247,2079,509.00,179.00,19.00,54.00,1,-1,-1,-1
248,2148,462.00,179.00,15.00,51.00,1,-1,-1,-1
248,2144,476.00,174.00,23.00,66.00,1,-1,-1,-1
248,2130,723.00,167.00,25.00,58.00,1,-1,-1,-1
248,2121,437.00,171.00,36.00,84.00,1,-1,-1,-1
248,2085,706.00,167.00,19.00,60.00,1,-1,-1,-1
248,2079,503.00,178.00,21.00,56.00,1,-1,-1,-1
249,2195,750.00,170.00,21.00,52.00,1,-1,-1,-1
249,2144,461.00,174.00,28.00,71.00,1,-1,-1,-1
249,2130,721.00,167.00,24.00,60.00,1,-1,-1,-1
249,2121,425.00,167.00,35.00,92.00,1,-1,-1,-1
249,2085,705.00,168.00,19.00,60.00,1,-1,-1,-1
249,2079,494.00,177.00,24.00,56.00,1,-1,-1,-1
250,2203,570.00,175.00,9.00,31.00,1,-1,-1,-1
250,2144,452.00,171.00,30.00,76.00,1,-1,-1,-1
250,2130,720.00,167.00,25.00,62.00,1,-1,-1,-1
250,2121,409.00,167.00,36.00,97.00,1,-1,-1,-1
250,2085,703.00,166.00,22.00,64.00,1,-1,-1,-1
250,2079,487.00,176.00,22.00,60.00,1,-1,-1,-1
251,2203,564.00,175.00,10.00,30.00,1,-1,-1,-1
251,2144,446.00,173.00,28.00,78.00,1,-1,-1,-1
251,2130,719.00,166.00,27.00,66.00,1,-1,-1,-1
251,2121,392.00,167.00,37.00,102.00,1,-1,-1,-1
251,2085,704.00,168.00,21.00,64.00,1,-1,-1,-1
251,2079,481.00,178.00,19.00,58.00,1,-1,-1,-1
252,2207,571.00,176.00,9.00,22.00,1,-1,-1,-1
252,2203,561.00,175.00,10.00,32.00,1,-1,-1,-1
252,2144,434.00,177.00,33.00,78.00,1,-1,-1,-1
252,2130,721.00,167.00,28.00,68.00,1,-1,-1,-1
252,2121,373.00,168.00,40.00,107.00,1,-1,-1,-1
252,2085,702.00,167.00,24.00,68.00,1,-1,-1,-1
252,2079,472.00,180.00,20.00,59.00,1,-1,-1,-1
253,2207,570.00,178.00,10.00,22.00,1,-1,-1,-1
253,2203,558.00,176.00,9.00,32.00,1,-1,-1,-1
253,2144,425.00,177.00,35.00,84.00,1,-1,-1,-1
253,2130,723.00,169.00,27.00,71.00,1,-1,-1,-1
253,2121,352.00,168.00,46.00,116.00,1,-1,-1,-1
253,2085,705.00,169.00,22.00,71.00,1,-1,-1,-1
253,2079,465.00,181.00,21.00,61.00,1,-1,-1,-1
254,2207,569.00,177.00,9.00,24.00,1,-1,-1,-1
254,2203,556.00,178.00,9.00,29.00,1,-1,-1,-1
254,2144,417.00,176.00,36.00,88.00,1,-1,-1,-1
254,2130,728.00,170.00,27.00,72.00,1,-1,-1,-1
254,2121,332.00,167.00,50.00,126.00,1,-1,-1,-1
254,2085,708.00,170.00,23.00,72.00,1,-1,-1,-1
254,2079,458.00,179.00,22.00,67.00,1,-1,-1,-1
255,2207,568.00,178.00,9.00,24.00,1,-1,-1,-1
255,2203,555.00,178.00,10.00,34.00,1,-1,-1,-1
255,2144,400.00,166.00,49.00,107.00,1,-1,-1,-1
255,2130,731.00,169.00,29.00,75.00,1,-1,-1,-1
255,2121,302.00,167.00,65.00,135.00,1,-1,-1,-1
255,2085,711.00,169.00,25.00,75.00,1,-1,-1,-1
255,2079,456.00,180.00,17.00,66.00,1,-1,-1,-1
256,2220,768.00,179.00,21.00,55.00,1,-1,-1,-1
256,2218,347.00,173.00,28.00,102.00,1,-1,-1,-1
256,2207,567.00,180.00,10.00,23.00,1,-1,-1,-1
256,2203,554.00,180.00,11.00,34.00,1,-1,-1,-1
256,2144,393.00,174.00,46.00,106.00,1,-1,-1,-1
256,2130,738.00,169.00,32.00,79.00,1,-1,-1,-1
256,2121,283.00,168.00,67.00,147.00,1,-1,-1,-1
256,2085,714.00,168.00,28.00,81.00,1,-1,-1,-1
256,2079,449.00,181.00,21.00,69.00,1,-1,-1,-1
257,2222,438.00,180.00,11.00,43.00,1,-1,-1,-1
257,2220,777.00,177.00,24.00,61.00,1,-1,-1,-1
257,2218,340.00,175.00,26.00,102.00,1,-1,-1,-1
257,2207,567.00,180.00,10.00,24.00,1,-1,-1,-1
257,2203,554.00,179.00,12.00,36.00,1,-1,-1,-1
257,2144,384.00,175.00,38.00,109.00,1,-1,-1,-1
257,2130,746.00,167.00,31.00,84.00,1,-1,-1,-1
257,2121,262.00,169.00,71.00,159.00,1,-1,-1,-1
257,2085,720.00,170.00,28.00,81.00,1,-1,-1,-1
257,2079,443.00,181.00,23.00,71.00,1,-1,-1,-1
258,2218,324.00,175.00,30.00,111.00,1,-1,-1,-1
258,2207,568.00,179.00,12.00,25.00,1,-1,-1,-1
258,2203,555.00,180.00,10.00,33.00,1,-1,-1,-1
258,2144,365.00,175.00,46.00,119.00,1,-1,-1,-1
258,2130,752.00,167.00,37.00,87.00,1,-1,-1,-1
258,2121,229.00,169.00,78.00,177.00,1,-1,-1,-1
258,2085,727.00,168.00,31.00,87.00,1,-1,-1,-1
258,2079,435.00,183.00,26.00,71.00,1,-1,-1,-1
259,2218,311.00,177.00,33.00,116.00,1,-1,-1,-1
259,2207,572.00,180.00,11.00,26.00,1,-1,-1,-1
259,2203,558.00,179.00,10.00,36.00,1,-1,-1,-1
259,2144,348.00,176.00,54.00,127.00,1,-1,-1,-1
259,2130,765.00,169.00,35.00,87.00,1,-1,-1,-1
259,2121,195.00,166.00,81.00,200.00,1,-1,-1,-1
259,2085,737.00,167.00,31.00,91.00,1,-1,-1,-1
259,2079,438.00,182.00,21.00,74.00,1,-1,-1,-1
260,2227,385.00,178.00,38.00,95.00,1,-1,-1,-1
260,2218,299.00,175.00,32.00,130.00,1,-1,-1,-1
260,2207,574.00,178.00,13.00,37.00,1,-1,-1,-1
260,2203,561.00,179.00,11.00,37.00,1,-1,-1,-1
260,2144,325.00,175.00,69.00,135.00,1,-1,-1,-1
260,2130,778.00,164.00,39.00,96.00,1,-1,-1,-1
260,2121,147.00,164.00,87.00,211.00,1,-1,-1,-1
260,2085,748.00,165.00,32.00,95.00,1,-1,-1,-1
260,2079,432.00,181.00,23.00,76.00,1,-1,-1,-1
261,2227,377.00,176.00,46.00,102.00,1,-1,-1,-1
261,2218,284.00,173.00,37.00,139.00,1,-1,-1,-1
261,2207,580.00,176.00,12.00,28.00,1,-1,-1,-1
261,2203,566.00,177.00,12.00,38.00,1,-1,-1,-1
261,2144,321.00,171.00,59.00,149.00,1,-1,-1,-1
261,2130,793.00,162.00,38.00,101.00,1,-1,-1,-1
261,2085,762.00,163.00,35.00,100.00,1,-1,-1,-1
261,2079,427.00,179.00,26.00,80.00,1,-1,-1,-1
262,2227,367.00,173.00,55.00,110.00,1,-1,-1,-1
262,2218,268.00,170.00,40.00,148.00,1,-1,-1,-1
262,2207,585.00,175.00,11.00,25.00,1,-1,-1,-1
262,2203,571.00,174.00,11.00,39.00,1,-1,-1,-1
262,2144,301.00,169.00,68.00,166.00,1,-1,-1,-1
262,2085,776.00,159.00,36.00,106.00,1,-1,-1,-1
262,2079,426.00,179.00,24.00,81.00,1,-1,-1,-1
263,2227,361.00,174.00,54.00,117.00,1,-1,-1,-1
263,2218,247.00,168.00,42.00,163.00,1,-1,-1,-1
263,2207,590.00,174.00,13.00,32.00,1,-1,-1,-1
263,2203,575.00,174.00,13.00,40.00,1,-1,-1,-1
263,2144,271.00,170.00,73.00,184.00,1,-1,-1,-1
263,2079,422.00,177.00,25.00,86.00,1,-1,-1,-1
264,2235,508.00,179.00,11.00,26.00,1,-1,-1,-1
264,2227,350.00,179.00,61.00,121.00,1,-1,-1,-1
264,2218,228.00,165.00,42.00,178.00,1,-1,-1,-1
264,2207,595.00,176.00,13.00,32.00,1,-1,-1,-1
264,2203,581.00,175.00,11.00,39.00,1,-1,-1,-1
264,2144,243.00,170.00,77.00,200.00,1,-1,-1,-1
264,2079,411.00,176.00,35.00,89.00,1,-1,-1,-1
265,2240,448.00,181.00,13.00,42.00,1,-1,-1,-1
265,2235,512.00,174.00,9.00,31.00,1,-1,-1,-1
265,2227,340.00,175.00,64.00,133.00,1,-1,-1,-1
265,2218,195.00,167.00,83.00,207.00,1,-1,-1,-1
265,2207,602.00,176.00,11.00,23.00,1,-1,-1,-1
265,2203,586.00,175.00,12.00,40.00,1,-1,-1,-1
265,2079,405.00,176.00,40.00,94.00,1,-1,-1,-1
266,2242,856.00,152.00,52.00,142.00,1,-1,-1,-1
266,2240,446.00,180.00,15.00,45.00,1,-1,-1,-1
266,2227,327.00,172.00,67.00,150.00,1,-1,-1,-1
266,2207,605.00,176.00,13.00,27.00,1,-1,-1,-1
266,2203,589.00,174.00,12.00,41.00,1,-1,-1,-1
266,2079,397.00,179.00,46.00,95.00,1,-1,-1,-1
267,2246,578.00,175.00,8.00,22.00,1,-1,-1,-1
267,2242,883.00,152.00,54.00,151.00,1,-1,-1,-1
267,2240,447.00,178.00,16.00,47.00,1,-1,-1,-1
267,2227,310.00,174.00,71.00,164.00,1,-1,-1,-1
267,2207,609.00,175.00,13.00,26.00,1,-1,-1,-1
267,2203,593.00,175.00,13.00,41.00,1,-1,-1,-1
267,2079,388.00,176.00,53.00,103.00,1,-1,-1,-1
268,2249,430.00,173.00,16.00,45.00,1,-1,-1,-1
268,2240,447.00,177.00,14.00,47.00,1,-1,-1,-1
268,2227,285.00,178.00,76.00,176.00,1,-1,-1,-1
268,2207,613.00,173.00,13.00,46.00,1,-1,-1,-1
268,2203,597.00,172.00,14.00,45.00,1,-1,-1,-1
268,2079,380.00,176.00,54.00,104.00,1,-1,-1,-1
269,2249,429.00,172.00,17.00,53.00,1,-1,-1,-1
269,2240,447.00,177.00,16.00,50.00,1,-1,-1,-1
269,2227,242.00,176.00,98.00,194.00,1,-1,-1,-1
269,2207,617.00,173.00,13.00,33.00,1,-1,-1,-1
269,2203,601.00,172.00,12.00,46.00,1,-1,-1,-1
269,2079,380.00,173.00,45.00,109.00,1,-1,-1,-1
270,2249,430.00,171.00,15.00,54.00,1,-1,-1,-1
270,2240,446.00,177.00,15.00,50.00,1,-1,-1,-1
270,2227,197.00,174.00,105.00,201.00,1,-1,-1,-1
270,2207,621.00,173.00,12.00,30.00,1,-1,-1,-1
270,2203,602.00,171.00,16.00,48.00,1,-1,-1,-1
270,2079,369.00,175.00,46.00,115.00,1,-1,-1,-1
271,2259,521.00,174.00,12.00,31.00,1,-1,-1,-1
271,2249,427.00,171.00,17.00,57.00,1,-1,-1,-1
271,2240,446.00,176.00,15.00,53.00,1,-1,-1,-1
271,2227,117.00,170.00,141.00,205.00,1,-1,-1,-1
271,2207,625.00,173.00,13.00,29.00,1,-1,-1,-1
271,2203,606.00,170.00,15.00,49.00,1,-1,-1,-1
271,2079,357.00,177.00,51.00,118.00,1,-1,-1,-1
272,2259,523.00,174.00,11.00,31.00,1,-1,-1,-1
272,2250,515.00,176.00,9.00,28.00,1,-1,-1,-1
272,2249,425.00,171.00,22.00,58.00,1,-1,-1,-1
272,2240,444.00,177.00,18.00,52.00,1,-1,-1,-1
272,2227,21.00,177.00,182.00,198.00,1,-1,-1,-1
272,2207,629.00,174.00,12.00,27.00,1,-1,-1,-1
272,2203,612.00,172.00,13.00,48.00,1,-1,-1,-1
272,2079,349.00,176.00,51.00,125.00,1,-1,-1,-1
273,2263,381.00,183.00,35.00,65.00,1,-1,-1,-1
273,2259,525.00,178.00,10.00,29.00,1,-1,-1,-1
273,2250,516.00,178.00,9.00,28.00,1,-1,-1,-1
273,2249,422.00,173.00,23.00,60.00,1,-1,-1,-1
273,2240,444.00,177.00,16.00,56.00,1,-1,-1,-1
273,2239,585.00,179.00,8.00,18.00,1,-1,-1,-1
273,2207,633.00,174.00,15.00,29.00,1,-1,-1,-1
273,2203,615.00,173.00,15.00,49.00,1,-1,-1,-1
273,2079,336.00,175.00,54.00,132.00,1,-1,-1,-1
274,2263,374.00,188.00,37.00,59.00,1,-1,-1,-1
274,2259,526.00,179.00,11.00,30.00,1,-1,-1,-1
274,2250,518.00,180.00,10.00,29.00,1,-1,-1,-1
274,2249,422.00,173.00,21.00,63.00,1,-1,-1,-1
274,2240,443.00,180.00,16.00,57.00,1,-1,-1,-1
274,2207,637.00,176.00,15.00,31.00,1,-1,-1,-1
274,2203,619.00,176.00,16.00,49.00,1,-1,-1,-1
274,2079,323.00,178.00,60.00,140.00,1,-1,-1,-1
275,2271,490.00,183.00,9.00,23.00,1,-1,-1,-1
275,2263,359.00,188.00,43.00,68.00,1,-1,-1,-1
275,2249,421.00,177.00,20.00,63.00,1,-1,-1,-1
275,2240,441.00,179.00,20.00,63.00,1,-1,-1,-1
275,2207,642.00,178.00,15.00,36.00,1,-1,-1,-1
275,2203,624.00,176.00,16.00,53.00,1,-1,-1,-1
275,2079,307.00,186.00,67.00,141.00,1,-1,-1,-1
276,2271,492.00,185.00,8.00,21.00,1,-1,-1,-1
276,2270,401.00,199.00,16.00,49.00,1,-1,-1,-1
276,2249,421.00,177.00,19.00,66.00,1,-1,-1,-1
276,2240,440.00,181.00,20.00,63.00,1,-1,-1,-1
276,2207,648.00,180.00,13.00,32.00,1,-1,-1,-1
276,2203,628.00,178.00,16.00,53.00,1,-1,-1,-1
276,2079,292.00,187.00,70.00,152.00,1,-1,-1,-1
277,2271,494.00,185.00,8.00,21.00,1,-1,-1,-1
277,2249,416.00,177.00,21.00,68.00,1,-1,-1,-1
277,2240,435.00,181.00,24.00,64.00,1,-1,-1,-1
277,2207,652.00,179.00,14.00,39.00,1,-1,-1,-1
277,2203,633.00,178.00,16.00,55.00,1,-1,-1,-1
277,2079,274.00,185.00,76.00,162.00,1,-1,-1,-1
278,2274,469.00,181.00,8.00,21.00,1,-1,-1,-1
278,2271,496.00,182.00,9.00,25.00,1,-1,-1,-1
278,2259,531.00,181.00,14.00,32.00,1,-1,-1,-1
278,2250,524.00,179.00,13.00,34.00,1,-1,-1,-1
278,2249,412.00,176.00,24.00,69.00,1,-1,-1,-1
278,2240,434.00,181.00,27.00,65.00,1,-1,-1,-1
278,2207,656.00,178.00,15.00,31.00,1,-1,-1,-1
278,2203,638.00,176.00,16.00,57.00,1,-1,-1,-1
278,2079,248.00,180.00,83.00,179.00,1,-1,-1,-1
279,2274,472.00,181.00,6.00,18.00,1,-1,-1,-1
279,2271,498.00,175.00,8.00,27.00,1,-1,-1,-1
279,2259,533.00,177.00,15.00,33.00,1,-1,-1,-1
279,2249,410.00,171.00,23.00,73.00,1,-1,-1,-1
279,2240,433.00,176.00,28.00,70.00,1,-1,-1,-1
279,2207,660.00,174.00,17.00,36.00,1,-1,-1,-1
279,2203,642.00,172.00,18.00,61.00,1,-1,-1,-1
279,2079,215.00,178.00,99.00,192.00,1,-1,-1,-1
280,2259,533.00,177.00,15.00,32.00,1,-1,-1,-1
280,2249,406.00,170.00,24.00,77.00,1,-1,-1,-1
280,2240,430.00,176.00,25.00,71.00,1,-1,-1,-1
280,2207,665.00,173.00,13.00,33.00,1,-1,-1,-1
280,2203,647.00,172.00,18.00,60.00,1,-1,-1,-1
280,2079,183.00,181.00,104.00,191.00,1,-1,-1,-1
281,2259,539.00,177.00,12.00,31.00,1,-1,-1,-1
281,2249,401.00,170.00,24.00,79.00,1,-1,-1,-1
281,2240,427.00,176.00,21.00,75.00,1,-1,-1,-1
281,2207,671.00,174.00,15.00,33.00,1,-1,-1,-1
281,2203,653.00,172.00,18.00,62.00,1,-1,-1,-1
281,2079,136.00,181.00,119.00,189.00,1,-1,-1,-1
282,2283,487.00,176.00,13.00,41.00,1,-1,-1,-1
282,2259,540.00,180.00,12.00,34.00,1,-1,-1,-1
282,2249,398.00,172.00,22.00,82.00,1,-1,-1,-1
282,2240,423.00,179.00,22.00,77.00,1,-1,-1,-1
282,2207,676.00,176.00,16.00,32.00,1,-1,-1,-1
282,2203,657.00,174.00,21.00,66.00,1,-1,-1,-1
282,2079,88.00,182.00,124.00,192.00,1,-1,-1,-1
283,2259,540.00,182.00,14.00,33.00,1,-1,-1,-1
283,2249,392.00,173.00,26.00,87.00,1,-1,-1,-1
283,2240,417.00,180.00,26.00,81.00,1,-1,-1,-1
283,2207,682.00,176.00,13.00,34.00,1,-1,-1,-1
283,2203,664.00,174.00,22.00,70.00,1,-1,-1,-1
283,2079,9.00,179.00,149.00,196.00,1,-1,-1,-1
284,2288,534.00,178.00,11.00,36.00,1,-1,-1,-1
284,2259,542.00,181.00,13.00,34.00,1,-1,-1,-1
284,2249,385.00,172.00,27.00,93.00,1,-1,-1,-1
284,2240,409.00,178.00,29.00,88.00,1,-1,-1,-1
284,2207,688.00,176.00,12.00,34.00,1,-1,-1,-1
284,2203,671.00,174.00,21.00,72.00,1,-1,-1,-1
284,2079,3.00,182.00,74.00,193.00,1,-1,-1,-1
285,2288,534.00,180.00,14.00,34.00,1,-1,-1,-1
285,2281,578.00,174.00,11.00,27.00,1,-1,-1,-1
285,2259,544.00,180.00,11.00,34.00,1,-1,-1,-1
285,2249,375.00,172.00,32.00,96.00,1,-1,-1,-1
285,2240,407.00,179.00,30.00,89.00,1,-1,-1,-1
285,2207,694.00,175.00,11.00,33.00,1,-1,-1,-1
285,2203,676.00,173.00,23.00,74.00,1,-1,-1,-1
286,2288,534.00,178.00,15.00,35.00,1,-1,-1,-1
286,2281,580.00,173.00,10.00,27.00,1,-1,-1,-1
286,2259,545.00,180.00,14.00,33.00,1,-1,-1,-1
286,2249,365.00,169.00,34.00,103.00,1,-1,-1,-1
286,2240,398.00,177.00,29.00,96.00,1,-1,-1,-1
286,2207,700.00,174.00,12.00,34.00,1,-1,-1,-1
286,2203,683.00,172.00,25.00,77.00,1,-1,-1,-1
287,2291,573.00,174.00,12.00,29.00,1,-1,-1,-1
287,2288,535.00,179.00,13.00,34.00,1,-1,-1,-1
287,2281,583.00,173.00,12.00,28.00,1,-1,-1,-1
287,2259,544.00,180.00,14.00,34.00,1,-1,-1,-1
287,2249,354.00,172.00,37.00,106.00,1,-1,-1,-1
287,2240,389.00,178.00,30.00,102.00,1,-1,-1,-1
287,2207,707.00,176.00,11.00,34.00,1,-1,-1,-1
287,2203,689.00,172.00,28.00,83.00,1,-1,-1,-1
288,2294,284.00,210.00,39.00,84.00,1,-1,-1,-1
288,2291,576.00,175.00,11.00,29.00,1,-1,-1,-1
288,2288,536.00,181.00,12.00,35.00,1,-1,-1,-1
288,2281,587.00,173.00,8.00,29.00,1,-1,-1,-1
288,2249,339.00,171.00,38.00,114.00,1,-1,-1,-1
288,2240,376.00,178.00,36.00,110.00,1,-1,-1,-1
288,2207,712.00,176.00,12.00,31.00,1,-1,-1,-1
288,2203,695.00,172.00,30.00,86.00,1,-1,-1,-1
289,2294,261.00,211.00,42.00,92.00,1,-1,-1,-1
289,2291,579.00,175.00,10.00,28.00,1,-1,-1,-1
289,2288,536.00,179.00,11.00,36.00,1,-1,-1,-1
289,2281,589.00,173.00,11.00,28.00,1,-1,-1,-1
289,2249,324.00,168.00,39.00,123.00,1,-1,-1,-1
289,2240,359.00,176.00,42.00,121.00,1,-1,-1,-1
289,2203,704.00,171.00,28.00,92.00,1,-1,-1,-1
290,2294,234.00,216.00,45.00,93.00,1,-1,-1,-1
290,2293,473.00,174.00,19.00,53.00,1,-1,-1,-1
290,2291,582.00,172.00,12.00,30.00,1,-1,-1,-1
290,2288,535.00,179.00,13.00,35.00,1,-1,-1,-1
290,2281,592.00,173.00,10.00,27.00,1,-1,-1,-1
290,2249,304.00,166.00,49.00,135.00,1,-1,-1,-1
290,2240,345.00,174.00,39.00,129.00,1,-1,-1,-1
290,2203,710.00,169.00,31.00,96.00,1,-1,-1,-1
291,2293,466.00,172.00,23.00,60.00,1,-1,-1,-1
291,2291,583.00,171.00,13.00,30.00,1,-1,-1,-1
291,2288,535.00,176.00,14.00,37.00,1,-1,-1,-1
291,2281,594.00,171.00,11.00,30.00,1,-1,-1,-1
291,2259,546.00,180.00,15.00,34.00,1,-1,-1,-1
291,2249,282.00,165.00,46.00,142.00,1,-1,-1,-1
291,2240,323.00,174.00,48.00,139.00,1,-1,-1,-1
291,2203,720.00,169.00,32.00,100.00,1,-1,-1,-1
292,2300,629.00,178.00,10.00,25.00,1,-1,-1,-1
292,2293,464.00,170.00,22.00,60.00,1,-1,-1,-1
292,2291,588.00,168.00,11.00,29.00,1,-1,-1,-1
292,2288,535.00,175.00,13.00,37.00,1,-1,-1,-1
292,2281,598.00,168.00,11.00,32.00,1,-1,-1,-1
292,2259,547.00,177.00,13.00,36.00,1,-1,-1,-1
292,2249,257.00,163.00,48.00,152.00,1,-1,-1,-1
292,2240,297.00,173.00,55.00,152.00,1,-1,-1,-1
292,2203,724.00,168.00,40.00,107.00,1,-1,-1,-1
293,2298,501.00,169.00,15.00,49.00,1,-1,-1,-1
293,2293,459.00,170.00,24.00,65.00,1,-1,-1,-1
293,2291,590.00,168.00,14.00,35.00,1,-1,-1,-1
293,2288,536.00,174.00,11.00,40.00,1,-1,-1,-1
293,2281,600.00,169.00,11.00,32.00,1,-1,-1,-1
293,2259,545.00,175.00,15.00,40.00,1,-1,-1,-1
293,2249,225.00,163.00,53.00,169.00,1,-1,-1,-1
293,2240,270.00,175.00,59.00,165.00,1,-1,-1,-1
293,2203,737.00,167.00,40.00,113.00,1,-1,-1,-1
294,2303,487.00,172.00,10.00,29.00,1,-1,-1,-1
294,2293,452.00,170.00,26.00,70.00,1,-1,-1,-1
294,2291,594.00,168.00,12.00,32.00,1,-1,-1,-1
294,2288,534.00,173.00,14.00,41.00,1,-1,-1,-1
294,2281,602.00,169.00,12.00,32.00,1,-1,-1,-1
294,2259,546.00,177.00,14.00,37.00,1,-1,-1,-1
294,2249,186.00,161.00,59.00,185.00,1,-1,-1,-1
294,2240,234.00,172.00,69.00,186.00,1,-1,-1,-1
294,2203,748.00,164.00,40.00,124.00,1,-1,-1,-1
295,2303,487.00,173.00,10.00,29.00,1,-1,-1,-1
295,2291,598.00,170.00,12.00,31.00,1,-1,-1,-1
295,2288,533.00,173.00,15.00,41.00,1,-1,-1,-1
295,2281,605.00,168.00,12.00,36.00,1,-1,-1,-1
295,2259,547.00,175.00,12.00,40.00,1,-1,-1,-1
295,2240,182.00,173.00,84.00,201.00,1,-1,-1,-1
295,2203,763.00,165.00,43.00,131.00,1,-1,-1,-1
296,2308,748.00,169.00,23.00,48.00,1,-1,-1,-1
296,2291,600.00,168.00,13.00,32.00,1,-1,-1,-1
296,2288,534.00,173.00,14.00,41.00,1,-1,-1,-1
296,2281,609.00,167.00,12.00,37.00,1,-1,-1,-1
296,2259,547.00,176.00,14.00,39.00,1,-1,-1,-1
296,2240,127.00,173.00,98.00,202.00,1,-1,-1,-1
296,2203,778.00,162.00,51.00,143.00,1,-1,-1,-1
297,2308,755.00,168.00,24.00,50.00,1,-1,-1,-1
297,2298,490.00,165.00,22.00,62.00,1,-1,-1,-1
297,2291,604.00,167.00,11.00,30.00,1,-1,-1,-1
297,2288,534.00,172.00,13.00,43.00,1,-1,-1,-1
297,2281,612.00,168.00,13.00,33.00,1,-1,-1,-1
297,2259,548.00,175.00,13.00,41.00,1,-1,-1,-1
297,2203,796.00,159.00,53.00,155.00,1,-1,-1,-1
298,2308,761.00,168.00,26.00,51.00,1,-1,-1,-1
298,2298,489.00,162.00,22.00,67.00,1,-1,-1,-1
298,2291,608.00,167.00,11.00,34.00,1,-1,-1,-1
298,2288,533.00,169.00,15.00,46.00,1,-1,-1,-1
298,2281,616.00,168.00,12.00,34.00,1,-1,-1,-1
298,2259,549.00,176.00,13.00,39.00,1,-1,-1,-1
298,2203,821.00,158.00,55.00,170.00,1,-1,-1,-1
299,2308,767.00,169.00,26.00,52.00,1,-1,-1,-1
299,2291,609.00,166.00,13.00,36.00,1,-1,-1,-1
299,2288,532.00,174.00,15.00,42.00,1,-1,-1,-1
299,2281,620.00,167.00,11.00,37.00,1,-1,-1,-1
299,2259,547.00,175.00,15.00,41.00,1,-1,-1,-1
299,2203,848.00,158.00,61.00,188.00,1,-1,-1,-1
300,2308,774.00,170.00,27.00,54.00,1,-1,-1,-1
300,2291,612.00,168.00,13.00,36.00,1,-1,-1,-1
300,2288,531.00,172.00,13.00,46.00,1,-1,-1,-1
300,2281,621.00,169.00,14.00,37.00,1,-1,-1,-1
300,2259,545.00,175.00,16.00,43.00,1,-1,-1,-1
300,2203,874.00,158.00,72.00,207.00,1,-1,-1,-1
301,2308,780.00,170.00,29.00,56.00,1,-1,-1,-1
301,2291,613.00,169.00,14.00,36.00,1,-1,-1,-1
301,2288,528.00,173.00,16.00,45.00,1,-1,-1,-1
301,2281,626.00,170.00,11.00,35.00,1,-1,-1,-1
301,2259,543.00,178.00,15.00,43.00,1,-1,-1,-1
301,2203,911.00,159.00,68.00,216.00,1,-1,-1,-1
302,2308,787.00,171.00,30.00,56.00,1,-1,-1,-1
302,2288,527.00,173.00,16.00,48.00,1,-1,-1,-1
302,2281,628.00,169.00,12.00,37.00,1,-1,-1,-1
302,2259,543.00,179.00,15.00,43.00,1,-1,-1,-1
303,2308,793.00,171.00,32.00,61.00,1,-1,-1,-1
303,2288,524.00,173.00,18.00,47.00,1,-1,-1,-1
303,2281,630.00,170.00,13.00,38.00,1,-1,-1,-1
303,2259,542.00,177.00,15.00,47.00,1,-1,-1,-1
304,2308,802.00,170.00,32.00,61.00,1,-1,-1,-1
304,2288,521.00,173.00,18.00,50.00,1,-1,-1,-1
304,2281,634.00,169.00,12.00,39.00,1,-1,-1,-1
304,2259,540.00,176.00,15.00,48.00,1,-1,-1,-1
305,2308,808.00,171.00,35.00,63.00,1,-1,-1,-1
305,2291,621.00,169.00,14.00,41.00,1,-1,-1,-1
305,2288,519.00,172.00,17.00,53.00,1,-1,-1,-1
305,2281,636.00,167.00,14.00,40.00,1,-1,-1,-1
305,2259,537.00,174.00,17.00,51.00,1,-1,-1,-1
306,2308,818.00,170.00,35.00,66.00,1,-1,-1,-1
306,2291,624.00,168.00,13.00,38.00,1,-1,-1,-1
306,2288,515.00,173.00,20.00,52.00,1,-1,-1,-1
306,2281,638.00,166.00,16.00,43.00,1,-1,-1,-1
306,2259,534.00,174.00,18.00,52.00,1,-1,-1,-1
307,2336,472.00,169.00,13.00,40.00,1,-1,-1,-1
307,2308,826.00,170.00,40.00,68.00,1,-1,-1,-1
307,2291,625.00,169.00,14.00,40.00,1,-1,-1,-1
307,2288,510.00,172.00,22.00,54.00,1,-1,-1,-1
307,2281,642.00,163.00,14.00,45.00,1,-1,-1,-1
307,2259,534.00,178.00,17.00,49.00,1,-1,-1,-1
308,2336,469.00,171.00,16.00,39.00,1,-1,-1,-1
308,2308,838.00,168.00,41.00,70.00,1,-1,-1,-1
308,2291,626.00,166.00,16.00,44.00,1,-1,-1,-1
308,2288,509.00,172.00,18.00,55.00,1,-1,-1,-1
308,2281,644.00,164.00,13.00,46.00,1,-1,-1,-1
308,2259,530.00,175.00,20.00,52.00,1,-1,-1,-1
309,2336,467.00,169.00,16.00,42.00,1,-1,-1,-1
309,2308,850.00,168.00,43.00,74.00,1,-1,-1,-1
309,2291,629.00,166.00,16.00,43.00,1,-1,-1,-1
309,2288,506.00,171.00,20.00,58.00,1,-1,-1,-1
309,2259,529.00,174.00,16.00,54.00,1,-1,-1,-1
310,2336,464.00,171.00,16.00,41.00,1,-1,-1,-1
310,2308,861.00,168.00,45.00,79.00,1,-1,-1,-1
310,2291,632.00,169.00,17.00,43.00,1,-1,-1,-1
310,2288,503.00,174.00,23.00,58.00,1,-1,-1,-1
310,2259,524.00,177.00,21.00,54.00,1,-1,-1,-1
311,2336,462.00,171.00,13.00,42.00,1,-1,-1,-1
311,2308,873.00,168.00,51.00,82.00,1,-1,-1,-1
311,2291,635.00,170.00,16.00,45.00,1,-1,-1,-1
311,2288,501.00,174.00,22.00,60.00,1,-1,-1,-1
311,2259,520.00,180.00,22.00,54.00,1,-1,-1,-1
312,2336,458.00,171.00,18.00,46.00,1,-1,-1,-1
312,2308,892.00,168.00,43.00,87.00,1,-1,-1,-1
312,2291,637.00,170.00,20.00,47.00,1,-1,-1,-1
312,2288,499.00,175.00,21.00,62.00,1,-1,-1,-1
312,2281,659.00,169.00,14.00,46.00,1,-1,-1,-1
312,2259,518.00,179.00,21.00,58.00,1,-1,-1,-1
313,2336,455.00,169.00,20.00,49.00,1,-1,-1,-1
313,2308,908.00,167.00,51.00,91.00,1,-1,-1,-1
313,2291,641.00,170.00,18.00,46.00,1,-1,-1,-1
313,2288,495.00,173.00,22.00,66.00,1,-1,-1,-1
313,2281,664.00,169.00,14.00,40.00,1,-1,-1,-1
313,2259,513.00,177.00,25.00,60.00,1,-1,-1,-1
314,2350,541.00,179.00,10.00,22.00,1,-1,-1,-1
314,2336,453.00,170.00,16.00,46.00,1,-1,-1,-1
314,2308,924.00,163.00,55.00,99.00,1,-1,-1,-1
314,2291,643.00,169.00,19.00,48.00,1,-1,-1,-1
314,2288,492.00,170.00,24.00,70.00,1,-1,-1,-1
314,2281,667.00,168.00,17.00,49.00,1,-1,-1,-1
314,2259,511.00,177.00,25.00,61.00,1,-1,-1,-1
315,2336,449.00,169.00,21.00,47.00,1,-1,-1,-1
315,2308,946.00,163.00,59.00,104.00,1,-1,-1,-1
315,2291,646.00,164.00,20.00,54.00,1,-1,-1,-1
315,2288,488.00,167.00,24.00,71.00,1,-1,-1,-1
315,2281,671.00,166.00,18.00,49.00,1,-1,-1,-1
315,2259,508.00,175.00,26.00,64.00,1,-1,-1,-1
316,2342,595.00,172.00,9.00,19.00,1,-1,-1,-1
316,2336,444.00,166.00,19.00,49.00,1,-1,-1,-1
316,2308,969.00,159.00,64.00,111.00,1,-1,-1,-1
316,2291,649.00,161.00,21.00,55.00,1,-1,-1,-1
316,2288,484.00,167.00,24.00,71.00,1,-1,-1,-1
316,2281,676.00,165.00,15.00,49.00,1,-1,-1,-1
316,2259,505.00,174.00,24.00,63.00,1,-1,-1,-1
317,2336,440.00,165.00,22.00,51.00,1,-1,-1,-1
317,2308,994.00,157.00,66.00,117.00,1,-1,-1,-1
317,2291,651.00,164.00,19.00,52.00,1,-1,-1,-1
317,2288,478.00,168.00,26.00,72.00,1,-1,-1,-1
317,2281,679.00,163.00,17.00,51.00,1,-1,-1,-1
317,2259,502.00,173.00,24.00,67.00,1,-1,-1,-1
318,2336,435.00,167.00,21.00,52.00,1,-1,-1,-1
318,2308,1023.00,159.00,73.00,123.00,1,-1,-1,-1
318,2291,657.00,162.00,17.00,57.00,1,-1,-1,-1
318,2288,472.00,168.00,27.00,76.00,1,-1,-1,-1
318,2281,684.00,163.00,19.00,57.00,1,-1,-1,-1
318,2259,498.00,173.00,28.00,69.00,1,-1,-1,-1
319,2336,429.00,167.00,21.00,55.00,1,-1,-1,-1
319,2308,1057.00,158.00,80.00,132.00,1,-1,-1,-1
319,2291,661.00,162.00,20.00,58.00,1,-1,-1,-1
319,2288,466.00,170.00,29.00,77.00,1,-1,-1,-1
319,2281,687.00,164.00,17.00,54.00,1,-1,-1,-1
319,2259,493.00,176.00,31.00,71.00,1,-1,-1,-1
320,2336,426.00,170.00,19.00,56.00,1,-1,-1,-1
320,2308,1095.00,159.00,86.00,145.00,1,-1,-1,-1
320,2291,666.00,169.00,18.00,54.00,1,-1,-1,-1
320,2288,460.00,172.00,30.00,82.00,1,-1,-1,-1
320,2281,693.00,167.00,18.00,57.00,1,-1,-1,-1
320,2259,489.00,177.00,29.00,76.00,1,-1,-1,-1
321,2336,421.00,171.00,21.00,57.00,1,-1,-1,-1
321,2308,1143.00,157.00,86.00,159.00,1,-1,-1,-1
321,2291,669.00,166.00,21.00,59.00,1,-1,-1,-1
321,2288,453.00,173.00,32.00,85.00,1,-1,-1,-1
321,2281,697.00,168.00,19.00,54.00,1,-1,-1,-1
321,2259,484.00,181.00,31.00,74.00,1,-1,-1,-1
322,2367,600.00,176.00,8.00,18.00,1,-1,-1,-1
322,2336,413.00,170.00,25.00,59.00,1,-1,-1,-1
322,2308,1199.00,134.00,39.00,195.00,1,-1,-1,-1
322,2291,673.00,167.00,20.00,60.00,1,-1,-1,-1
322,2288,448.00,173.00,33.00,87.00,1,-1,-1,-1
322,2281,705.00,165.00,20.00,60.00,1,-1,-1,-1
322,2259,481.00,182.00,32.00,77.00,1,-1,-1,-1
323,2367,601.00,173.00,9.00,19.00,1,-1,-1,-1
323,2336,408.00,167.00,27.00,63.00,1,-1,-1,-1
323,2291,679.00,163.00,24.00,64.00,1,-1,-1,-1
323,2288,442.00,172.00,34.00,91.00,1,-1,-1,-1
323,2281,712.00,162.00,21.00,62.00,1,-1,-1,-1
323,2259,477.00,180.00,25.00,80.00,1,-1,-1,-1
324,2368,828.00,173.00,23.00,47.00,1,-1,-1,-1
324,2367,604.00,173.00,8.00,19.00,1,-1,-1,-1
324,2336,401.00,166.00,27.00,65.00,1,-1,-1,-1
324,2291,684.00,160.00,25.00,68.00,1,-1,-1,-1
324,2288,437.00,170.00,34.00,94.00,1,-1,-1,-1
324,2281,718.00,160.00,22.00,70.00,1,-1,-1,-1
324,2259,472.00,180.00,33.00,83.00,1,-1,-1,-1
325,2368,832.00,177.00,24.00,46.00,1,-1,-1,-1
325,2336,395.00,167.00,29.00,68.00,1,-1,-1,-1
325,2291,688.00,163.00,28.00,69.00,1,-1,-1,-1
325,2288,430.00,171.00,37.00,98.00,1,-1,-1,-1
325,2281,724.00,160.00,23.00,72.00,1,-1,-1,-1
325,2259,469.00,182.00,32.00,86.00,1,-1,-1,-1
326,2336,386.00,169.00,32.00,69.00,1,-1,-1,-1
326,2291,696.00,164.00,28.00,71.00,1,-1,-1,-1
326,2288,422.00,170.00,39.00,105.00,1,-1,-1,-1
326,2281,730.00,160.00,26.00,74.00,1,-1,-1,-1
326,2259,461.00,180.00,37.00,94.00,1,-1,-1,-1
327,2336,380.00,171.00,28.00,70.00,1,-1,-1,-1
327,2291,703.00,165.00,28.00,74.00,1,-1,-1,-1
327,2288,411.00,173.00,46.00,109.00,1,-1,-1,-1
327,2281,738.00,162.00,26.00,78.00,1,-1,-1,-1
327,2259,454.00,188.00,39.00,92.00,1,-1,-1,-1
328,2336,371.00,171.00,31.00,73.00,1,-1,-1,-1
328,2291,711.00,161.00,26.00,80.00,1,-1,-1,-1
328,2288,404.00,174.00,39.00,115.00,1,-1,-1,-1
328,2281,744.00,160.00,26.00,82.00,1,-1,-1,-1
328,2259,441.00,176.00,48.00,109.00,1,-1,-1,-1
329,2368,858.00,177.00,25.00,55.00,1,-1,-1,-1
329,2336,359.00,170.00,32.00,77.00,1,-1,-1,-1
329,2291,715.00,162.00,30.00,75.00,1,-1,-1,-1
329,2288,390.00,173.00,44.00,121.00,1,-1,-1,-1
329,2281,752.00,159.00,27.00,83.00,1,-1,-1,-1
329,2259,439.00,180.00,44.00,110.00,1,-1,-1,-1
330,2368,866.00,179.00,26.00,56.00,1,-1,-1,-1
330,2336,347.00,169.00,34.00,83.00,1,-1,-1,-1
330,2291,722.00,161.00,29.00,86.00,1,-1,-1,-1
330,2288,377.00,170.00,43.00,130.00,1,-1,-1,-1
330,2281,760.00,159.00,28.00,87.00,1,-1,-1,-1
330,2259,424.00,178.00,50.00,119.00,1,-1,-1,-1
331,2377,606.00,176.00,8.00,20.00,1,-1,-1,-1
331,2368,866.00,180.00,34.00,56.00,1,-1,-1,-1
331,2336,334.00,168.00,30.00,87.00,1,-1,-1,-1
331,2291,728.00,160.00,32.00,91.00,1,-1,-1,-1
331,2288,361.00,172.00,48.00,135.00,1,-1,-1,-1
331,2281,768.00,158.00,32.00,93.00,1,-1,-1,-1
331,2259,411.00,183.00,51.00,124.00,1,-1,-1,-1
332,2377,603.00,177.00,9.00,20.00,1,-1,-1,-1
332,2336,320.00,169.00,30.00,92.00,1,-1,-1,-1
332,2291,735.00,160.00,27.00,95.00,1,-1,-1,-1
332,2288,340.00,173.00,54.00,141.00,1,-1,-1,-1
332,2281,775.00,160.00,34.00,89.00,1,-1,-1,-1
332,2259,394.00,180.00,56.00,137.00,1,-1,-1,-1
333,2377,601.00,179.00,9.00,18.00,1,-1,-1,-1
333,2336,302.00,169.00,31.00,98.00,1,-1,-1,-1
333,2291,740.00,161.00,34.00,98.00,1,-1,-1,-1
333,2288,322.00,176.00,58.00,153.00,1,-1,-1,-1
333,2281,783.00,160.00,42.00,100.00,1,-1,-1,-1
333,2259,377.00,179.00,54.00,148.00,1,-1,-1,-1
334,2377,600.00,179.00,8.00,18.00,1,-1,-1,-1
334,2336,284.00,168.00,33.00,112.00,1,-1,-1,-1
334,2291,746.00,160.00,36.00,103.00,1,-1,-1,-1
334,2288,304.00,174.00,57.00,165.00,1,-1,-1,-1
334,2281,793.00,157.00,38.00,108.00,1,-1,-1,-1
334,2259,357.00,178.00,58.00,155.00,1,-1,-1,-1
335,2377,598.00,179.00,9.00,19.00,1,-1,-1,-1
335,2291,753.00,160.00,40.00,108.00,1,-1,-1,-1
335,2288,276.00,173.00,68.00,173.00,1,-1,-1,-1
335,2281,803.00,157.00,38.00,112.00,1,-1,-1,-1
335,2259,336.00,180.00,63.00,164.00,1,-1,-1,-1
336,2377,598.00,180.00,7.00,18.00,1,-1,-1,-1
336,2291,764.00,157.00,39.00,117.00,1,-1,-1,-1
336,2288,249.00,172.00,73.00,187.00,1,-1,-1,-1
336,2281,816.00,155.00,40.00,120.00,1,-1,-1,-1
336,2259,314.00,182.00,66.00,179.00,1,-1,-1,-1
337,2377,596.00,178.00,8.00,19.00,1,-1,-1,-1
337,2291,773.00,157.00,42.00,121.00,1,-1,-1,-1
337,2288,219.00,180.00,71.00,190.00,1,-1,-1,-1
337,2281,834.00,151.00,38.00,128.00,1,-1,-1,-1
337,2259,285.00,184.00,68.00,188.00,1,-1,-1,-1
338,2385,972.00,168.00,38.00,86.00,1,-1,-1,-1
338,2377,595.00,178.00,8.00,18.00,1,-1,-1,-1
338,2368,937.00,177.00,38.00,87.00,1,-1,-1,-1
338,2291,784.00,154.00,51.00,130.00,1,-1,-1,-1
338,2288,183.00,176.00,81.00,198.00,1,-1,-1,-1
338,2281,849.00,151.00,46.00,141.00,1,-1,-1,-1
338,2259,255.00,184.00,73.00,188.00,1,-1,-1,-1
339,2385,986.00,170.00,41.00,89.00,1,-1,-1,-1
339,2377,593.00,176.00,8.00,19.00,1,-1,-1,-1
339,2368,952.00,177.00,38.00,93.00,1,-1,-1,-1
339,2291,797.00,151.00,50.00,140.00,1,-1,-1,-1
339,2288,139.00,173.00,91.00,202.00,1,-1,-1,-1
339,2281,867.00,150.00,43.00,139.00,1,-1,-1,-1
339,2259,217.00,179.00,81.00,196.00,1,-1,-1,-1
340,2385,1003.00,169.00,38.00,89.00,1,-1,-1,-1
340,2377,592.00,168.00,8.00,25.00,1,-1,-1,-1
340,2291,811.00,148.00,52.00,151.00,1,-1,-1,-1
340,2288,82.00,167.00,101.00,208.00,1,-1,-1,-1
340,2281,888.00,147.00,51.00,147.00,1,-1,-1,-1
340,2259,177.00,181.00,87.00,194.00,1,-1,-1,-1
