1,7,178.00,94.00,38.00,149.00,1,-1,-1,-1
1,6,510.00,112.00,52.00,125.00,1,-1,-1,-1
1,5,573.00,84.00,65.00,199.00,1,-1,-1,-1
1,4,100.00,96.00,63.00,221.00,1,-1,-1,-1
1,3,439.00,88.00,83.00,245.00,1,-1,-1,-1
1,2,173.00,94.00,77.00,229.00,1,-1,-1,-1
1,1,349.00,78.00,89.00,252.00,1,-1,-1,-1
2,7,181.00,93.00,37.00,156.00,1,-1,-1,-1
2,6,509.00,111.00,52.00,128.00,1,-1,-1,-1
2,5,570.00,87.00,69.00,196.00,1,-1,-1,-1
2,4,91.00,97.00,69.00,221.00,1,-1,-1,-1
2,3,443.00,87.00,81.00,242.00,1,-1,-1,-1
2,2,183.00,94.00,72.00,226.00,1,-1,-1,-1
2,1,348.00,80.00,89.00,250.00,1,-1,-1,-1
3,7,180.00,94.00,37.00,157.00,1,-1,-1,-1
3,6,511.00,112.00,47.00,125.00,1,-1,-1,-1
3,5,570.00,86.00,69.00,198.00,1,-1,-1,-1
3,4,77.00,99.00,77.00,220.00,1,-1,-1,-1
3,3,443.00,87.00,81.00,244.00,1,-1,-1,-1
3,2,187.00,93.00,74.00,228.00,1,-1,-1,-1
3,1,350.00,81.00,98.00,248.00,1,-1,-1,-1
4,7,181.00,92.00,39.00,160.00,1,-1,-1,-1
4,6,510.00,112.00,46.00,125.00,1,-1,-1,-1
4,5,568.00,89.00,70.00,193.00,1,-1,-1,-1
4,4,65.00,100.00,85.00,222.00,1,-1,-1,-1
4,3,449.00,86.00,77.00,241.00,1,-1,-1,-1
4,2,193.00,88.00,73.00,234.00,1,-1,-1,-1
4,1,354.00,84.00,95.00,246.00,1,-1,-1,-1
5,7,180.00,91.00,41.00,162.00,1,-1,-1,-1
5,6,509.00,112.00,48.00,127.00,1,-1,-1,-1
5,5,568.00,89.00,69.00,195.00,1,-1,-1,-1
5,4,59.00,104.00,87.00,218.00,1,-1,-1,-1
5,3,450.00,84.00,85.00,242.00,1,-1,-1,-1
5,2,195.00,88.00,81.00,232.00,1,-1,-1,-1
5,1,354.00,85.00,97.00,245.00,1,-1,-1,-1
6,7,181.00,93.00,40.00,158.00,1,-1,-1,-1
6,6,507.00,118.00,45.00,118.00,1,-1,-1,-1
6,5,568.00,88.00,68.00,196.00,1,-1,-1,-1
6,4,53.00,102.00,89.00,219.00,1,-1,-1,-1
6,3,452.00,82.00,98.00,240.00,1,-1,-1,-1
6,2,203.00,92.00,85.00,228.00,1,-1,-1,-1
6,1,360.00,86.00,93.00,243.00,1,-1,-1,-1
7,7,181.00,94.00,39.00,157.00,1,-1,-1,-1
7,5,566.00,87.00,70.00,196.00,1,-1,-1,-1
7,4,51.00,102.00,87.00,222.00,1,-1,-1,-1
7,3,454.00,85.00,100.00,238.00,1,-1,-1,-1
7,2,206.00,93.00,89.00,227.00,1,-1,-1,-1
7,1,362.00,87.00,94.00,240.00,1,-1,-1,-1
8,7,179.00,93.00,44.00,158.00,1,-1,-1,-1
8,5,561.00,88.00,78.00,194.00,1,-1,-1,-1
8,4,52.00,102.00,77.00,222.00,1,-1,-1,-1
8,3,460.00,85.00,83.00,237.00,1,-1,-1,-1
8,2,210.00,96.00,91.00,223.00,1,-1,-1,-1
8,1,365.00,87.00,95.00,241.00,1,-1,-1,-1
9,7,181.00,95.00,44.00,157.00,1,-1,-1,-1
9,5,561.00,90.00,77.00,192.00,1,-1,-1,-1
9,4,49.00,99.00,73.00,226.00,1,-1,-1,-1
9,3,463.00,82.00,81.00,242.00,1,-1,-1,-1
9,2,216.00,96.00,91.00,225.00,1,-1,-1,-1
9,1,369.00,86.00,94.00,240.00,1,-1,-1,-1
10,7,181.00,93.00,44.00,159.00,1,-1,-1,-1
10,5,560.00,93.00,76.00,190.00,1,-1,-1,-1
10,4,46.00,96.00,64.00,229.00,1,-1,-1,-1
10,3,465.00,84.00,84.00,241.00,1,-1,-1,-1
10,2,221.00,98.00,95.00,220.00,1,-1,-1,-1
10,1,371.00,84.00,91.00,242.00,1,-1,-1,-1
11,7,180.00,94.00,48.00,157.00,1,-1,-1,-1
11,5,556.00,91.00,80.00,191.00,1,-1,-1,-1
11,4,42.00,96.00,59.00,229.00,1,-1,-1,-1
11,3,467.00,89.00,86.00,229.00,1,-1,-1,-1
11,2,224.00,99.00,93.00,218.00,1,-1,-1,-1
11,1,373.00,86.00,90.00,239.00,1,-1,-1,-1
12,7,179.00,94.00,45.00,158.00,1,-1,-1,-1
12,5,555.00,88.00,67.00,195.00,1,-1,-1,-1
12,4,33.00,98.00,62.00,226.00,1,-1,-1,-1
12,3,465.00,89.00,96.00,233.00,1,-1,-1,-1
12,2,225.00,96.00,93.00,223.00,1,-1,-1,-1
12,1,375.00,82.00,88.00,237.00,1,-1,-1,-1
13,9,605.00,102.00,34.00,137.00,1,-1,-1,-1
13,7,180.00,93.00,43.00,159.00,1,-1,-1,-1
13,5,553.00,87.00,65.00,194.00,1,-1,-1,-1
13,4,29.00,97.00,59.00,225.00,1,-1,-1,-1
13,3,465.00,89.00,102.00,233.00,1,-1,-1,-1
13,2,234.00,92.00,86.00,226.00,1,-1,-1,-1
13,1,377.00,81.00,88.00,239.00,1,-1,-1,-1
14,9,604.00,103.00,35.00,137.00,1,-1,-1,-1
14,7,177.00,94.00,46.00,157.00,1,-1,-1,-1
14,5,554.00,89.00,60.00,192.00,1,-1,-1,-1
14,4,19.00,97.00,66.00,227.00,1,-1,-1,-1
14,3,473.00,94.00,96.00,226.00,1,-1,-1,-1
14,2,237.00,93.00,85.00,221.00,1,-1,-1,-1
14,1,380.00,81.00,88.00,238.00,1,-1,-1,-1
15,9,600.00,103.00,39.00,135.00,1,-1,-1,-1
15,7,179.00,94.00,45.00,156.00,1,-1,-1,-1
15,5,552.00,87.00,59.00,188.00,1,-1,-1,-1
15,4,10.00,99.00,73.00,224.00,1,-1,-1,-1
15,3,479.00,89.00,95.00,232.00,1,-1,-1,-1
15,2,243.00,90.00,80.00,223.00,1,-1,-1,-1
15,1,382.00,81.00,87.00,239.00,1,-1,-1,-1
16,9,596.00,102.00,43.00,139.00,1,-1,-1,-1
16,7,180.00,94.00,44.00,157.00,1,-1,-1,-1
16,5,548.00,89.00,60.00,184.00,1,-1,-1,-1
16,4,2.00,99.00,80.00,228.00,1,-1,-1,-1
16,3,480.00,89.00,94.00,233.00,1,-1,-1,-1
16,2,247.00,91.00,76.00,222.00,1,-1,-1,-1
16,1,385.00,81.00,86.00,240.00,1,-1,-1,-1
17,9,594.00,103.00,45.00,137.00,1,-1,-1,-1
17,7,180.00,95.00,43.00,156.00,1,-1,-1,-1
17,5,547.00,87.00,56.00,194.00,1,-1,-1,-1
17,4,2.00,96.00,77.00,229.00,1,-1,-1,-1
17,3,485.00,90.00,87.00,232.00,1,-1,-1,-1
17,2,251.00,94.00,71.00,217.00,1,-1,-1,-1
17,1,388.00,81.00,88.00,240.00,1,-1,-1,-1
18,9,594.00,105.00,45.00,132.00,1,-1,-1,-1
18,7,179.00,94.00,45.00,156.00,1,-1,-1,-1
18,5,546.00,90.00,57.00,193.00,1,-1,-1,-1
18,4,2.00,103.00,80.00,221.00,1,-1,-1,-1
18,3,487.00,88.00,85.00,233.00,1,-1,-1,-1
18,2,256.00,91.00,69.00,221.00,1,-1,-1,-1
18,1,393.00,83.00,89.00,238.00,1,-1,-1,-1
19,9,593.00,105.00,46.00,134.00,1,-1,-1,-1
19,7,180.00,94.00,44.00,156.00,1,-1,-1,-1
19,5,543.00,90.00,61.00,193.00,1,-1,-1,-1
19,4,2.00,100.00,82.00,226.00,1,-1,-1,-1
19,3,490.00,86.00,84.00,235.00,1,-1,-1,-1
19,2,259.00,92.00,68.00,215.00,1,-1,-1,-1
19,1,398.00,86.00,93.00,235.00,1,-1,-1,-1
20,9,592.00,104.00,46.00,137.00,1,-1,-1,-1
20,7,180.00,94.00,44.00,156.00,1,-1,-1,-1
20,5,546.00,92.00,52.00,186.00,1,-1,-1,-1
20,4,2.00,87.00,78.00,238.00,1,-1,-1,-1
20,3,494.00,83.00,81.00,237.00,1,-1,-1,-1
20,2,259.00,94.00,80.00,213.00,1,-1,-1,-1
20,1,401.00,88.00,92.00,233.00,1,-1,-1,-1
21,9,588.00,106.00,51.00,134.00,1,-1,-1,-1
21,7,180.00,94.00,44.00,155.00,1,-1,-1,-1
21,5,557.00,98.00,41.00,177.00,1,-1,-1,-1
21,4,3.00,78.00,71.00,255.00,1,-1,-1,-1
21,3,499.00,81.00,83.00,239.00,1,-1,-1,-1
21,2,263.00,98.00,81.00,208.00,1,-1,-1,-1
21,1,402.00,86.00,92.00,236.00,1,-1,-1,-1
22,9,583.00,104.00,56.00,137.00,1,-1,-1,-1
22,7,181.00,95.00,43.00,154.00,1,-1,-1,-1
22,4,2.00,74.00,61.00,255.00,1,-1,-1,-1
22,3,503.00,77.00,81.00,238.00,1,-1,-1,-1
22,2,268.00,100.00,81.00,205.00,1,-1,-1,-1
22,1,407.00,85.00,88.00,235.00,1,-1,-1,-1
23,13,480.00,115.00,32.00,29.00,1,-1,-1,-1
23,9,580.00,105.00,59.00,137.00,1,-1,-1,-1
23,7,179.00,94.00,44.00,155.00,1,-1,-1,-1
23,4,1.00,95.00,50.00,228.00,1,-1,-1,-1
23,3,510.00,79.00,82.00,235.00,1,-1,-1,-1
23,2,270.00,98.00,77.00,212.00,1,-1,-1,-1
23,1,408.00,83.00,88.00,237.00,1,-1,-1,-1
24,13,482.00,113.00,30.00,31.00,1,-1,-1,-1
24,9,584.00,104.00,54.00,137.00,1,-1,-1,-1
24,7,180.00,93.00,43.00,156.00,1,-1,-1,-1
24,4,1.00,75.00,38.00,257.00,1,-1,-1,-1
24,3,516.00,85.00,77.00,227.00,1,-1,-1,-1
24,2,275.00,98.00,72.00,210.00,1,-1,-1,-1
24,1,410.00,86.00,90.00,231.00,1,-1,-1,-1
25,9,581.00,109.00,56.00,133.00,1,-1,-1,-1
25,7,180.00,95.00,42.00,155.00,1,-1,-1,-1
25,4,2.00,70.00,30.00,264.00,1,-1,-1,-1
25,3,513.00,85.00,80.00,225.00,1,-1,-1,-1
25,2,275.00,97.00,79.00,212.00,1,-1,-1,-1
25,1,412.00,87.00,91.00,231.00,1,-1,-1,-1
26,9,585.00,106.00,50.00,135.00,1,-1,-1,-1
26,7,180.00,96.00,41.00,153.00,1,-1,-1,-1
26,4,1.00,86.00,31.00,208.00,1,-1,-1,-1
26,3,513.00,86.00,83.00,228.00,1,-1,-1,-1
26,2,282.00,95.00,72.00,213.00,1,-1,-1,-1
26,1,417.00,84.00,92.00,233.00,1,-1,-1,-1
27,9,583.00,105.00,46.00,136.00,1,-1,-1,-1
27,7,179.00,95.00,43.00,155.00,1,-1,-1,-1
27,4,1.00,118.00,33.00,152.00,1,-1,-1,-1
27,3,519.00,86.00,75.00,230.00,1,-1,-1,-1
27,2,288.00,96.00,71.00,211.00,1,-1,-1,-1
27,1,419.00,85.00,95.00,230.00,1,-1,-1,-1
28,9,579.00,105.00,50.00,136.00,1,-1,-1,-1
28,7,180.00,99.00,41.00,148.00,1,-1,-1,-1
28,3,525.00,90.00,73.00,226.00,1,-1,-1,-1
28,2,297.00,95.00,67.00,209.00,1,-1,-1,-1
28,1,426.00,83.00,88.00,230.00,1,-1,-1,-1
29,7,181.00,103.00,40.00,145.00,1,-1,-1,-1
29,3,521.00,89.00,81.00,227.00,1,-1,-1,-1
29,2,302.00,97.00,72.00,207.00,1,-1,-1,-1
29,1,430.00,79.00,80.00,235.00,1,-1,-1,-1
30,16,499.00,91.00,65.00,194.00,1,-1,-1,-1
30,15,587.00,108.00,49.00,130.00,1,-1,-1,-1
30,7,180.00,100.00,41.00,146.00,1,-1,-1,-1
30,3,534.00,91.00,76.00,225.00,1,-1,-1,-1
30,2,304.00,95.00,74.00,208.00,1,-1,-1,-1
30,1,433.00,80.00,79.00,235.00,1,-1,-1,-1
31,16,496.00,92.00,70.00,187.00,1,-1,-1,-1
31,15,592.00,119.00,47.00,121.00,1,-1,-1,-1
31,7,179.00,99.00,42.00,146.00,1,-1,-1,-1
31,3,537.00,95.00,80.00,219.00,1,-1,-1,-1
31,2,306.00,96.00,78.00,206.00,1,-1,-1,-1
31,1,435.00,82.00,87.00,232.00,1,-1,-1,-1
32,16,496.00,92.00,70.00,184.00,1,-1,-1,-1
32,15,594.00,124.00,44.00,116.00,1,-1,-1,-1
32,7,179.00,100.00,42.00,149.00,1,-1,-1,-1
32,3,541.00,95.00,81.00,219.00,1,-1,-1,-1
32,2,309.00,93.00,79.00,212.00,1,-1,-1,-1
32,1,438.00,84.00,105.00,231.00,1,-1,-1,-1
33,16,493.00,91.00,65.00,188.00,1,-1,-1,-1
33,7,180.00,99.00,41.00,148.00,1,-1,-1,-1
33,3,545.00,95.00,87.00,218.00,1,-1,-1,-1
33,2,312.00,98.00,81.00,207.00,1,-1,-1,-1
33,1,440.00,85.00,95.00,229.00,1,-1,-1,-1
34,16,492.00,93.00,61.00,184.00,1,-1,-1,-1
34,7,179.00,101.00,42.00,142.00,1,-1,-1,-1
34,3,549.00,94.00,89.00,219.00,1,-1,-1,-1
34,2,320.00,97.00,79.00,208.00,1,-1,-1,-1
34,1,444.00,88.00,96.00,226.00,1,-1,-1,-1
35,16,491.00,96.00,59.00,182.00,1,-1,-1,-1
35,7,179.00,99.00,42.00,150.00,1,-1,-1,-1
35,3,548.00,90.00,79.00,222.00,1,-1,-1,-1
35,2,322.00,101.00,79.00,201.00,1,-1,-1,-1
35,1,446.00,92.00,97.00,218.00,1,-1,-1,-1
36,7,176.00,101.00,43.00,138.00,1,-1,-1,-1
36,3,552.00,93.00,86.00,217.00,1,-1,-1,-1
36,2,323.00,100.00,82.00,203.00,1,-1,-1,-1
36,1,449.00,91.00,94.00,222.00,1,-1,-1,-1
37,7,179.00,102.00,42.00,146.00,1,-1,-1,-1
37,3,556.00,93.00,82.00,216.00,1,-1,-1,-1
37,2,327.00,97.00,81.00,204.00,1,-1,-1,-1
37,1,445.00,91.00,99.00,221.00,1,-1,-1,-1
38,7,180.00,100.00,40.00,149.00,1,-1,-1,-1
38,3,558.00,90.00,78.00,220.00,1,-1,-1,-1
38,2,333.00,96.00,78.00,207.00,1,-1,-1,-1
38,1,451.00,90.00,93.00,221.00,1,-1,-1,-1
39,7,180.00,102.00,40.00,148.00,1,-1,-1,-1
39,3,558.00,90.00,77.00,220.00,1,-1,-1,-1
39,2,340.00,96.00,71.00,206.00,1,-1,-1,-1
39,1,458.00,88.00,89.00,223.00,1,-1,-1,-1
40,7,179.00,98.00,42.00,146.00,1,-1,-1,-1
40,3,558.00,88.00,78.00,221.00,1,-1,-1,-1
40,2,346.00,92.00,68.00,206.00,1,-1,-1,-1
40,1,463.00,91.00,86.00,218.00,1,-1,-1,-1
41,18,443.00,109.00,38.00,129.00,1,-1,-1,-1
41,7,178.00,95.00,43.00,154.00,1,-1,-1,-1
41,3,565.00,92.00,72.00,217.00,1,-1,-1,-1
41,2,348.00,92.00,66.00,205.00,1,-1,-1,-1
41,1,468.00,88.00,79.00,221.00,1,-1,-1,-1
42,18,442.00,108.00,41.00,131.00,1,-1,-1,-1
42,7,178.00,95.00,43.00,155.00,1,-1,-1,-1
42,3,565.00,94.00,72.00,217.00,1,-1,-1,-1
42,2,348.00,91.00,68.00,206.00,1,-1,-1,-1
42,1,470.00,88.00,79.00,218.00,1,-1,-1,-1
43,18,442.00,108.00,36.00,133.00,1,-1,-1,-1
43,7,178.00,95.00,43.00,155.00,1,-1,-1,-1
43,3,568.00,90.00,71.00,220.00,1,-1,-1,-1
43,2,349.00,91.00,69.00,205.00,1,-1,-1,-1
43,1,468.00,85.00,85.00,218.00,1,-1,-1,-1
44,18,440.00,109.00,34.00,131.00,1,-1,-1,-1
44,7,178.00,95.00,42.00,154.00,1,-1,-1,-1
44,3,569.00,95.00,69.00,214.00,1,-1,-1,-1
44,2,351.00,95.00,72.00,200.00,1,-1,-1,-1
44,1,471.00,84.00,85.00,220.00,1,-1,-1,-1
45,18,439.00,109.00,34.00,131.00,1,-1,-1,-1
45,7,178.00,95.00,42.00,155.00,1,-1,-1,-1
45,3,567.00,97.00,72.00,212.00,1,-1,-1,-1
45,2,357.00,94.00,78.00,201.00,1,-1,-1,-1
45,1,479.00,83.00,77.00,223.00,1,-1,-1,-1
46,18,438.00,111.00,32.00,129.00,1,-1,-1,-1
46,7,177.00,93.00,43.00,155.00,1,-1,-1,-1
46,3,574.00,83.00,65.00,225.00,1,-1,-1,-1
46,2,362.00,98.00,75.00,195.00,1,-1,-1,-1
46,1,481.00,87.00,81.00,218.00,1,-1,-1,-1
47,19,455.00,92.00,44.00,185.00,1,-1,-1,-1
47,18,437.00,109.00,30.00,131.00,1,-1,-1,-1
47,7,178.00,93.00,42.00,157.00,1,-1,-1,-1
47,3,574.00,81.00,65.00,229.00,1,-1,-1,-1
47,2,367.00,99.00,74.00,195.00,1,-1,-1,-1
47,1,485.00,87.00,89.00,219.00,1,-1,-1,-1
48,19,451.00,90.00,48.00,186.00,1,-1,-1,-1
48,18,434.00,110.00,29.00,131.00,1,-1,-1,-1
48,7,177.00,95.00,41.00,153.00,1,-1,-1,-1
48,3,578.00,77.00,61.00,233.00,1,-1,-1,-1
48,2,370.00,99.00,74.00,196.00,1,-1,-1,-1
48,1,489.00,88.00,92.00,217.00,1,-1,-1,-1
49,19,451.00,90.00,48.00,186.00,1,-1,-1,-1
49,18,433.00,109.00,28.00,131.00,1,-1,-1,-1
49,7,178.00,95.00,42.00,155.00,1,-1,-1,-1
49,3,581.00,79.00,58.00,230.00,1,-1,-1,-1
49,2,373.00,99.00,72.00,196.00,1,-1,-1,-1
49,1,489.00,90.00,99.00,215.00,1,-1,-1,-1
50,19,447.00,89.00,52.00,187.00,1,-1,-1,-1
50,18,432.00,109.00,30.00,132.00,1,-1,-1,-1
50,7,177.00,94.00,44.00,155.00,1,-1,-1,-1
50,3,583.00,83.00,56.00,224.00,1,-1,-1,-1
50,2,375.00,100.00,70.00,195.00,1,-1,-1,-1
50,1,492.00,90.00,100.00,215.00,1,-1,-1,-1
51,19,444.00,92.00,55.00,183.00,1,-1,-1,-1
51,18,432.00,109.00,27.00,127.00,1,-1,-1,-1
51,7,177.00,94.00,44.00,155.00,1,-1,-1,-1
51,3,587.00,79.00,51.00,225.00,1,-1,-1,-1
51,2,378.00,99.00,70.00,194.00,1,-1,-1,-1
51,1,494.00,92.00,99.00,213.00,1,-1,-1,-1
52,19,445.00,90.00,57.00,184.00,1,-1,-1,-1
52,7,178.00,93.00,42.00,155.00,1,-1,-1,-1
52,3,587.00,75.00,52.00,228.00,1,-1,-1,-1
52,2,388.00,99.00,69.00,192.00,1,-1,-1,-1
52,1,497.00,92.00,93.00,213.00,1,-1,-1,-1
53,19,445.00,89.00,52.00,188.00,1,-1,-1,-1
53,7,178.00,94.00,42.00,154.00,1,-1,-1,-1
53,3,592.00,64.00,48.00,235.00,1,-1,-1,-1
53,2,394.00,96.00,66.00,197.00,1,-1,-1,-1
53,1,499.00,90.00,97.00,215.00,1,-1,-1,-1
54,21,588.00,115.00,29.00,125.00,1,-1,-1,-1
54,19,445.00,90.00,49.00,186.00,1,-1,-1,-1
54,7,177.00,95.00,42.00,153.00,1,-1,-1,-1
54,3,596.00,74.00,44.00,229.00,1,-1,-1,-1
54,2,398.00,96.00,65.00,193.00,1,-1,-1,-1
54,1,499.00,90.00,102.00,214.00,1,-1,-1,-1
55,21,590.00,109.00,30.00,130.00,1,-1,-1,-1
55,19,442.00,93.00,49.00,182.00,1,-1,-1,-1
55,7,177.00,93.00,44.00,157.00,1,-1,-1,-1
55,3,596.00,73.00,44.00,227.00,1,-1,-1,-1
55,2,400.00,93.00,65.00,195.00,1,-1,-1,-1
55,1,505.00,89.00,89.00,213.00,1,-1,-1,-1
56,21,590.00,117.00,31.00,122.00,1,-1,-1,-1
56,19,443.00,91.00,46.00,183.00,1,-1,-1,-1
56,7,177.00,94.00,43.00,156.00,1,-1,-1,-1
56,3,593.00,75.00,47.00,224.00,1,-1,-1,-1
56,2,405.00,95.00,74.00,193.00,1,-1,-1,-1
56,1,511.00,94.00,87.00,206.00,1,-1,-1,-1
57,21,579.00,106.00,43.00,136.00,1,-1,-1,-1
57,7,176.00,93.00,45.00,157.00,1,-1,-1,-1
57,3,600.00,81.00,40.00,213.00,1,-1,-1,-1
57,2,409.00,95.00,77.00,192.00,1,-1,-1,-1
57,1,520.00,89.00,79.00,210.00,1,-1,-1,-1
58,21,583.00,106.00,36.00,134.00,1,-1,-1,-1
58,7,176.00,93.00,45.00,154.00,1,-1,-1,-1
58,3,606.00,89.00,33.00,150.00,1,-1,-1,-1
58,2,412.00,98.00,74.00,191.00,1,-1,-1,-1
58,1,524.00,93.00,74.00,206.00,1,-1,-1,-1
59,21,586.00,107.00,32.00,133.00,1,-1,-1,-1
59,7,177.00,91.00,43.00,158.00,1,-1,-1,-1
59,3,608.00,98.00,31.00,136.00,1,-1,-1,-1
59,2,406.00,101.00,74.00,185.00,1,-1,-1,-1
59,1,525.00,92.00,75.00,208.00,1,-1,-1,-1
60,7,176.00,92.00,46.00,158.00,1,-1,-1,-1
60,2,413.00,99.00,77.00,194.00,1,-1,-1,-1
60,1,528.00,90.00,78.00,210.00,1,-1,-1,-1
61,7,178.00,92.00,43.00,155.00,1,-1,-1,-1
61,2,413.00,99.00,78.00,194.00,1,-1,-1,-1
61,1,529.00,94.00,82.00,206.00,1,-1,-1,-1
62,7,178.00,93.00,44.00,155.00,1,-1,-1,-1
62,2,420.00,98.00,76.00,193.00,1,-1,-1,-1
62,1,534.00,97.00,86.00,202.00,1,-1,-1,-1
63,23,396.00,97.00,60.00,178.00,1,-1,-1,-1
63,7,177.00,91.00,44.00,159.00,1,-1,-1,-1
63,2,422.00,99.00,77.00,190.00,1,-1,-1,-1
63,1,539.00,91.00,83.00,208.00,1,-1,-1,-1
64,23,394.00,96.00,65.00,178.00,1,-1,-1,-1
64,7,177.00,92.00,46.00,158.00,1,-1,-1,-1
64,2,428.00,97.00,72.00,189.00,1,-1,-1,-1
64,1,544.00,94.00,79.00,207.00,1,-1,-1,-1
65,23,395.00,94.00,71.00,185.00,1,-1,-1,-1
65,7,176.00,92.00,46.00,158.00,1,-1,-1,-1
65,2,436.00,97.00,67.00,189.00,1,-1,-1,-1
65,1,546.00,100.00,80.00,200.00,1,-1,-1,-1
66,23,393.00,95.00,67.00,179.00,1,-1,-1,-1
66,7,176.00,92.00,46.00,158.00,1,-1,-1,-1
66,2,438.00,95.00,69.00,192.00,1,-1,-1,-1
66,1,549.00,98.00,79.00,202.00,1,-1,-1,-1
67,23,394.00,89.00,60.00,187.00,1,-1,-1,-1
67,7,176.00,92.00,47.00,158.00,1,-1,-1,-1
67,2,438.00,97.00,69.00,187.00,1,-1,-1,-1
67,1,549.00,100.00,81.00,199.00,1,-1,-1,-1
68,23,390.00,90.00,60.00,181.00,1,-1,-1,-1
68,7,177.00,92.00,45.00,158.00,1,-1,-1,-1
68,2,439.00,95.00,70.00,189.00,1,-1,-1,-1
68,1,550.00,96.00,84.00,204.00,1,-1,-1,-1
69,26,615.00,111.00,25.00,160.00,1,-1,-1,-1
69,23,389.00,90.00,61.00,182.00,1,-1,-1,-1
69,7,178.00,91.00,45.00,159.00,1,-1,-1,-1
69,2,438.00,92.00,72.00,193.00,1,-1,-1,-1
69,1,556.00,93.00,76.00,203.00,1,-1,-1,-1
70,26,615.00,103.00,25.00,166.00,1,-1,-1,-1
70,23,387.00,90.00,60.00,183.00,1,-1,-1,-1
70,7,179.00,92.00,45.00,159.00,1,-1,-1,-1
70,2,445.00,94.00,69.00,190.00,1,-1,-1,-1
70,1,557.00,91.00,75.00,204.00,1,-1,-1,-1
71,26,616.00,103.00,24.00,165.00,1,-1,-1,-1
71,23,386.00,90.00,59.00,184.00,1,-1,-1,-1
71,7,179.00,96.00,45.00,155.00,1,-1,-1,-1
71,2,448.00,94.00,71.00,188.00,1,-1,-1,-1
71,1,557.00,90.00,78.00,202.00,1,-1,-1,-1
72,26,615.00,107.00,25.00,160.00,1,-1,-1,-1
72,23,384.00,91.00,60.00,183.00,1,-1,-1,-1
72,7,179.00,95.00,47.00,157.00,1,-1,-1,-1
72,2,454.00,95.00,68.00,189.00,1,-1,-1,-1
72,1,559.00,89.00,79.00,204.00,1,-1,-1,-1
73,23,383.00,92.00,59.00,182.00,1,-1,-1,-1
73,7,179.00,95.00,48.00,156.00,1,-1,-1,-1
73,2,457.00,97.00,62.00,187.00,1,-1,-1,-1
73,1,565.00,88.00,73.00,205.00,1,-1,-1,-1
74,23,378.00,93.00,66.00,179.00,1,-1,-1,-1
74,7,179.00,96.00,49.00,154.00,1,-1,-1,-1
74,2,460.00,97.00,64.00,186.00,1,-1,-1,-1
74,1,568.00,88.00,70.00,208.00,1,-1,-1,-1
75,23,376.00,97.00,66.00,173.00,1,-1,-1,-1
75,7,177.00,96.00,52.00,155.00,1,-1,-1,-1
75,2,460.00,98.00,68.00,186.00,1,-1,-1,-1
75,1,570.00,89.00,68.00,207.00,1,-1,-1,-1
76,23,373.00,96.00,68.00,177.00,1,-1,-1,-1
76,7,178.00,94.00,52.00,156.00,1,-1,-1,-1
76,2,461.00,96.00,72.00,186.00,1,-1,-1,-1
76,1,569.00,89.00,70.00,206.00,1,-1,-1,-1
77,23,370.00,97.00,70.00,173.00,1,-1,-1,-1
77,7,179.00,95.00,52.00,158.00,1,-1,-1,-1
77,2,462.00,96.00,73.00,184.00,1,-1,-1,-1
77,1,570.00,90.00,68.00,203.00,1,-1,-1,-1
78,27,560.00,104.00,33.00,151.00,1,-1,-1,-1
78,23,368.00,98.00,70.00,170.00,1,-1,-1,-1
78,7,180.00,92.00,51.00,160.00,1,-1,-1,-1
78,2,464.00,94.00,75.00,187.00,1,-1,-1,-1
78,1,574.00,92.00,64.00,199.00,1,-1,-1,-1
79,27,558.00,106.00,36.00,158.00,1,-1,-1,-1
79,23,369.00,96.00,55.00,175.00,1,-1,-1,-1
79,7,177.00,92.00,54.00,160.00,1,-1,-1,-1
79,2,471.00,96.00,72.00,185.00,1,-1,-1,-1
79,1,579.00,91.00,60.00,199.00,1,-1,-1,-1
80,28,403.00,108.00,39.00,133.00,1,-1,-1,-1
80,27,558.00,108.00,39.00,159.00,1,-1,-1,-1
80,23,366.00,92.00,58.00,178.00,1,-1,-1,-1
80,7,179.00,95.00,54.00,158.00,1,-1,-1,-1
80,2,481.00,94.00,65.00,184.00,1,-1,-1,-1
80,1,583.00,92.00,56.00,198.00,1,-1,-1,-1
81,28,404.00,108.00,37.00,133.00,1,-1,-1,-1
81,27,550.00,109.00,43.00,150.00,1,-1,-1,-1
81,23,366.00,93.00,53.00,177.00,1,-1,-1,-1
81,7,181.00,94.00,52.00,158.00,1,-1,-1,-1
81,2,481.00,95.00,69.00,184.00,1,-1,-1,-1
81,1,580.00,93.00,59.00,198.00,1,-1,-1,-1
82,28,401.00,107.00,40.00,133.00,1,-1,-1,-1
82,27,551.00,109.00,38.00,150.00,1,-1,-1,-1
82,23,365.00,93.00,52.00,175.00,1,-1,-1,-1
82,7,181.00,95.00,53.00,159.00,1,-1,-1,-1
82,2,486.00,96.00,69.00,182.00,1,-1,-1,-1
82,1,587.00,88.00,52.00,200.00,1,-1,-1,-1
83,30,564.00,114.00,43.00,158.00,1,-1,-1,-1
83,28,400.00,107.00,41.00,134.00,1,-1,-1,-1
83,23,359.00,92.00,54.00,175.00,1,-1,-1,-1
83,7,180.00,98.00,55.00,153.00,1,-1,-1,-1
83,2,488.00,96.00,70.00,183.00,1,-1,-1,-1
83,1,589.00,96.00,50.00,194.00,1,-1,-1,-1
84,30,557.00,108.00,55.00,164.00,1,-1,-1,-1
84,28,397.00,106.00,44.00,135.00,1,-1,-1,-1
84,23,356.00,93.00,55.00,176.00,1,-1,-1,-1
84,7,181.00,97.00,54.00,155.00,1,-1,-1,-1
84,2,494.00,98.00,66.00,183.00,1,-1,-1,-1
84,1,594.00,85.00,46.00,201.00,1,-1,-1,-1
85,30,556.00,108.00,59.00,165.00,1,-1,-1,-1
85,28,395.00,107.00,48.00,134.00,1,-1,-1,-1
85,23,353.00,92.00,55.00,173.00,1,-1,-1,-1
85,7,180.00,96.00,56.00,156.00,1,-1,-1,-1
85,2,495.00,100.00,69.00,179.00,1,-1,-1,-1
85,1,598.00,95.00,42.00,189.00,1,-1,-1,-1
86,30,558.00,110.00,54.00,162.00,1,-1,-1,-1
86,28,398.00,106.00,46.00,135.00,1,-1,-1,-1
86,23,353.00,91.00,54.00,176.00,1,-1,-1,-1
86,7,180.00,95.00,58.00,157.00,1,-1,-1,-1
86,2,495.00,100.00,71.00,179.00,1,-1,-1,-1
86,1,605.00,100.00,35.00,180.00,1,-1,-1,-1
87,30,557.00,110.00,48.00,160.00,1,-1,-1,-1
87,28,393.00,106.00,51.00,136.00,1,-1,-1,-1
87,23,350.00,90.00,56.00,177.00,1,-1,-1,-1
87,7,179.00,95.00,60.00,158.00,1,-1,-1,-1
87,2,495.00,99.00,73.00,181.00,1,-1,-1,-1
87,1,611.00,101.00,29.00,180.00,1,-1,-1,-1
88,30,555.00,110.00,52.00,160.00,1,-1,-1,-1
88,28,393.00,106.00,51.00,136.00,1,-1,-1,-1
88,23,349.00,92.00,56.00,175.00,1,-1,-1,-1
88,7,180.00,93.00,60.00,160.00,1,-1,-1,-1
88,2,500.00,103.00,75.00,176.00,1,-1,-1,-1
88,1,613.00,95.00,27.00,188.00,1,-1,-1,-1
89,30,552.00,105.00,54.00,166.00,1,-1,-1,-1
89,28,394.00,107.00,50.00,135.00,1,-1,-1,-1
89,23,346.00,90.00,58.00,179.00,1,-1,-1,-1
89,7,181.00,93.00,59.00,161.00,1,-1,-1,-1
89,2,506.00,98.00,71.00,180.00,1,-1,-1,-1
89,1,619.00,100.00,21.00,180.00,1,-1,-1,-1
90,30,552.00,110.00,45.00,161.00,1,-1,-1,-1
90,28,394.00,108.00,50.00,134.00,1,-1,-1,-1
90,23,337.00,90.00,66.00,179.00,1,-1,-1,-1
90,7,180.00,92.00,61.00,161.00,1,-1,-1,-1
90,2,513.00,97.00,68.00,180.00,1,-1,-1,-1
91,28,393.00,107.00,50.00,135.00,1,-1,-1,-1
91,23,332.00,91.00,70.00,178.00,1,-1,-1,-1
91,7,184.00,94.00,58.00,159.00,1,-1,-1,-1
91,2,516.00,93.00,75.00,183.00,1,-1,-1,-1
92,28,390.00,107.00,52.00,136.00,1,-1,-1,-1
92,23,327.00,91.00,72.00,177.00,1,-1,-1,-1
92,7,181.00,94.00,61.00,160.00,1,-1,-1,-1
92,2,521.00,94.00,72.00,180.00,1,-1,-1,-1
93,28,387.00,106.00,53.00,138.00,1,-1,-1,-1
93,23,324.00,94.00,73.00,173.00,1,-1,-1,-1
93,7,182.00,94.00,60.00,159.00,1,-1,-1,-1
93,2,523.00,97.00,73.00,178.00,1,-1,-1,-1
94,28,386.00,106.00,55.00,138.00,1,-1,-1,-1
94,23,322.00,95.00,76.00,172.00,1,-1,-1,-1
94,7,182.00,93.00,62.00,158.00,1,-1,-1,-1
94,2,523.00,97.00,78.00,177.00,1,-1,-1,-1
95,28,385.00,105.00,54.00,140.00,1,-1,-1,-1
95,23,327.00,93.00,69.00,175.00,1,-1,-1,-1
95,7,183.00,92.00,61.00,161.00,1,-1,-1,-1
95,2,520.00,97.00,74.00,175.00,1,-1,-1,-1
96,28,385.00,105.00,54.00,140.00,1,-1,-1,-1
96,23,327.00,92.00,68.00,176.00,1,-1,-1,-1
96,7,184.00,93.00,60.00,160.00,1,-1,-1,-1
96,2,512.00,101.00,67.00,168.00,1,-1,-1,-1
97,28,387.00,105.00,52.00,140.00,1,-1,-1,-1
97,23,325.00,93.00,69.00,175.00,1,-1,-1,-1
97,7,182.00,93.00,62.00,159.00,1,-1,-1,-1
97,2,514.00,104.00,64.00,166.00,1,-1,-1,-1
98,28,385.00,108.00,55.00,134.00,1,-1,-1,-1
98,23,324.00,96.00,69.00,172.00,1,-1,-1,-1
98,7,181.00,94.00,63.00,154.00,1,-1,-1,-1
98,2,512.00,113.00,46.00,157.00,1,-1,-1,-1
99,28,386.00,108.00,53.00,135.00,1,-1,-1,-1
99,23,323.00,93.00,67.00,174.00,1,-1,-1,-1
99,7,182.00,94.00,63.00,153.00,1,-1,-1,-1
99,2,509.00,111.00,51.00,160.00,1,-1,-1,-1
100,31,543.00,103.00,76.00,169.00,1,-1,-1,-1
100,28,384.00,108.00,56.00,134.00,1,-1,-1,-1
100,23,321.00,94.00,66.00,172.00,1,-1,-1,-1
100,7,185.00,92.00,60.00,158.00,1,-1,-1,-1
100,2,506.00,113.00,54.00,157.00,1,-1,-1,-1
101,31,553.00,103.00,65.00,171.00,1,-1,-1,-1
101,28,384.00,107.00,55.00,136.00,1,-1,-1,-1
101,23,318.00,94.00,65.00,171.00,1,-1,-1,-1
101,7,183.00,94.00,62.00,153.00,1,-1,-1,-1
101,2,503.00,112.00,54.00,156.00,1,-1,-1,-1
102,31,550.00,102.00,70.00,171.00,1,-1,-1,-1
102,28,385.00,107.00,54.00,135.00,1,-1,-1,-1
102,23,317.00,90.00,63.00,175.00,1,-1,-1,-1
102,7,184.00,95.00,60.00,151.00,1,-1,-1,-1
102,2,502.00,112.00,49.00,154.00,1,-1,-1,-1
103,31,556.00,102.00,67.00,169.00,1,-1,-1,-1
103,28,385.00,106.00,54.00,136.00,1,-1,-1,-1
103,23,312.00,93.00,66.00,171.00,1,-1,-1,-1
103,7,181.00,94.00,63.00,154.00,1,-1,-1,-1
103,2,500.00,110.00,55.00,156.00,1,-1,-1,-1
104,32,533.00,108.00,41.00,140.00,1,-1,-1,-1
104,31,564.00,99.00,61.00,173.00,1,-1,-1,-1
104,28,384.00,105.00,55.00,139.00,1,-1,-1,-1
104,23,313.00,90.00,63.00,176.00,1,-1,-1,-1
104,7,184.00,93.00,60.00,153.00,1,-1,-1,-1
104,2,496.00,113.00,52.00,152.00,1,-1,-1,-1
105,32,529.00,109.00,47.00,140.00,1,-1,-1,-1
105,31,569.00,97.00,58.00,176.00,1,-1,-1,-1
105,28,384.00,106.00,56.00,136.00,1,-1,-1,-1
105,23,312.00,92.00,60.00,172.00,1,-1,-1,-1
105,7,181.00,94.00,63.00,153.00,1,-1,-1,-1
105,2,490.00,112.00,53.00,154.00,1,-1,-1,-1
106,32,528.00,107.00,48.00,141.00,1,-1,-1,-1
106,31,573.00,98.00,60.00,172.00,1,-1,-1,-1
106,28,383.00,106.00,56.00,136.00,1,-1,-1,-1
106,23,311.00,92.00,58.00,171.00,1,-1,-1,-1
106,7,180.00,93.00,64.00,154.00,1,-1,-1,-1
106,2,476.00,113.00,65.00,153.00,1,-1,-1,-1
107,32,524.00,106.00,51.00,141.00,1,-1,-1,-1
107,31,576.00,97.00,62.00,175.00,1,-1,-1,-1
107,28,384.00,105.00,55.00,138.00,1,-1,-1,-1
107,23,309.00,96.00,59.00,167.00,1,-1,-1,-1
107,7,181.00,94.00,62.00,153.00,1,-1,-1,-1
107,2,468.00,112.00,72.00,152.00,1,-1,-1,-1
108,32,523.00,105.00,51.00,145.00,1,-1,-1,-1
108,31,579.00,100.00,60.00,171.00,1,-1,-1,-1
108,28,385.00,105.00,53.00,139.00,1,-1,-1,-1
108,23,309.00,97.00,58.00,166.00,1,-1,-1,-1
108,7,180.00,91.00,62.00,162.00,1,-1,-1,-1
108,2,459.00,112.00,79.00,152.00,1,-1,-1,-1
109,32,520.00,104.00,54.00,145.00,1,-1,-1,-1
109,31,581.00,99.00,59.00,172.00,1,-1,-1,-1
109,28,386.00,106.00,51.00,138.00,1,-1,-1,-1
109,23,308.00,96.00,58.00,169.00,1,-1,-1,-1
109,7,184.00,94.00,58.00,155.00,1,-1,-1,-1
109,2,456.00,113.00,85.00,150.00,1,-1,-1,-1
110,32,516.00,104.00,74.00,145.00,1,-1,-1,-1
110,31,584.00,98.00,56.00,174.00,1,-1,-1,-1
110,28,385.00,105.00,53.00,139.00,1,-1,-1,-1
110,23,306.00,98.00,59.00,166.00,1,-1,-1,-1
110,7,182.00,91.00,62.00,160.00,1,-1,-1,-1
110,2,455.00,114.00,84.00,149.00,1,-1,-1,-1
111,32,516.00,104.00,60.00,147.00,1,-1,-1,-1
111,31,586.00,101.00,54.00,167.00,1,-1,-1,-1
111,28,384.00,105.00,54.00,140.00,1,-1,-1,-1
111,23,306.00,94.00,58.00,171.00,1,-1,-1,-1
111,7,182.00,91.00,62.00,161.00,1,-1,-1,-1
111,2,455.00,117.00,80.00,148.00,1,-1,-1,-1
112,32,511.00,106.00,69.00,144.00,1,-1,-1,-1
112,31,588.00,100.00,52.00,169.00,1,-1,-1,-1
112,28,384.00,105.00,55.00,139.00,1,-1,-1,-1
112,23,305.00,102.00,56.00,160.00,1,-1,-1,-1
112,7,182.00,92.00,61.00,160.00,1,-1,-1,-1
112,2,458.00,114.00,78.00,153.00,1,-1,-1,-1
113,32,510.00,107.00,60.00,141.00,1,-1,-1,-1
113,31,591.00,99.00,49.00,171.00,1,-1,-1,-1
113,28,381.00,107.00,57.00,139.00,1,-1,-1,-1
113,23,305.00,104.00,56.00,157.00,1,-1,-1,-1
113,7,182.00,92.00,62.00,158.00,1,-1,-1,-1
113,2,456.00,115.00,79.00,151.00,1,-1,-1,-1
114,32,509.00,109.00,65.00,140.00,1,-1,-1,-1
114,31,593.00,100.00,46.00,169.00,1,-1,-1,-1
114,28,382.00,107.00,57.00,140.00,1,-1,-1,-1
114,23,303.00,95.00,57.00,168.00,1,-1,-1,-1
114,7,184.00,92.00,60.00,160.00,1,-1,-1,-1
114,2,457.00,116.00,76.00,149.00,1,-1,-1,-1
115,32,506.00,110.00,71.00,140.00,1,-1,-1,-1
115,31,599.00,99.00,40.00,169.00,1,-1,-1,-1
115,28,384.00,108.00,57.00,138.00,1,-1,-1,-1
115,23,303.00,98.00,56.00,165.00,1,-1,-1,-1
115,7,184.00,92.00,61.00,160.00,1,-1,-1,-1
115,2,455.00,116.00,74.00,148.00,1,-1,-1,-1
116,32,505.00,111.00,67.00,138.00,1,-1,-1,-1
116,31,600.00,99.00,39.00,168.00,1,-1,-1,-1
116,28,385.00,109.00,59.00,137.00,1,-1,-1,-1
116,23,303.00,98.00,55.00,164.00,1,-1,-1,-1
116,7,183.00,92.00,64.00,156.00,1,-1,-1,-1
116,2,454.00,114.00,68.00,149.00,1,-1,-1,-1
117,32,506.00,112.00,64.00,137.00,1,-1,-1,-1
117,31,603.00,97.00,37.00,170.00,1,-1,-1,-1
117,28,385.00,108.00,57.00,138.00,1,-1,-1,-1
117,23,303.00,94.00,54.00,170.00,1,-1,-1,-1
117,7,182.00,93.00,65.00,155.00,1,-1,-1,-1
117,2,450.00,115.00,66.00,148.00,1,-1,-1,-1
118,32,507.00,111.00,67.00,139.00,1,-1,-1,-1
118,31,604.00,97.00,35.00,169.00,1,-1,-1,-1
118,28,383.00,108.00,61.00,139.00,1,-1,-1,-1
118,23,302.00,95.00,54.00,168.00,1,-1,-1,-1
118,7,185.00,93.00,62.00,158.00,1,-1,-1,-1
118,2,449.00,114.00,54.00,149.00,1,-1,-1,-1
119,32,505.00,110.00,67.00,140.00,1,-1,-1,-1
119,31,607.00,96.00,33.00,169.00,1,-1,-1,-1
119,28,389.00,107.00,59.00,140.00,1,-1,-1,-1
119,23,303.00,94.00,53.00,167.00,1,-1,-1,-1
119,7,185.00,92.00,63.00,157.00,1,-1,-1,-1
119,2,447.00,111.00,49.00,153.00,1,-1,-1,-1
120,32,504.00,109.00,59.00,144.00,1,-1,-1,-1
120,31,608.00,100.00,32.00,165.00,1,-1,-1,-1
120,28,390.00,107.00,53.00,142.00,1,-1,-1,-1
120,23,302.00,93.00,52.00,167.00,1,-1,-1,-1
120,7,185.00,93.00,63.00,156.00,1,-1,-1,-1
120,2,441.00,114.00,45.00,150.00,1,-1,-1,-1
121,32,503.00,109.00,57.00,143.00,1,-1,-1,-1
121,31,610.00,98.00,30.00,166.00,1,-1,-1,-1
121,28,390.00,107.00,50.00,140.00,1,-1,-1,-1
121,23,302.00,92.00,52.00,167.00,1,-1,-1,-1
121,7,185.00,92.00,64.00,156.00,1,-1,-1,-1
121,2,435.00,113.00,49.00,150.00,1,-1,-1,-1
122,32,501.00,109.00,55.00,143.00,1,-1,-1,-1
122,31,613.00,95.00,27.00,169.00,1,-1,-1,-1
122,28,391.00,108.00,48.00,140.00,1,-1,-1,-1
122,23,301.00,91.00,53.00,165.00,1,-1,-1,-1
122,7,188.00,92.00,61.00,155.00,1,-1,-1,-1
122,2,434.00,113.00,48.00,151.00,1,-1,-1,-1
123,32,499.00,108.00,57.00,144.00,1,-1,-1,-1
123,31,615.00,105.00,24.00,159.00,1,-1,-1,-1
123,28,393.00,108.00,46.00,140.00,1,-1,-1,-1
123,23,300.00,92.00,52.00,164.00,1,-1,-1,-1
123,7,187.00,93.00,65.00,155.00,1,-1,-1,-1
123,2,432.00,113.00,48.00,151.00,1,-1,-1,-1
124,32,496.00,109.00,60.00,142.00,1,-1,-1,-1
124,31,617.00,124.00,22.00,140.00,1,-1,-1,-1
124,28,391.00,109.00,49.00,141.00,1,-1,-1,-1
124,23,299.00,93.00,49.00,162.00,1,-1,-1,-1
124,7,189.00,91.00,61.00,157.00,1,-1,-1,-1
124,2,426.00,113.00,52.00,153.00,1,-1,-1,-1
125,32,495.00,110.00,62.00,141.00,1,-1,-1,-1
125,31,620.00,122.00,20.00,142.00,1,-1,-1,-1
125,28,394.00,110.00,46.00,140.00,1,-1,-1,-1
125,23,298.00,91.00,52.00,165.00,1,-1,-1,-1
125,7,188.00,92.00,62.00,157.00,1,-1,-1,-1
125,2,416.00,114.00,58.00,150.00,1,-1,-1,-1
126,32,492.00,110.00,64.00,141.00,1,-1,-1,-1
126,31,624.00,131.00,16.00,132.00,1,-1,-1,-1
126,28,395.00,110.00,45.00,144.00,1,-1,-1,-1
126,23,297.00,91.00,49.00,167.00,1,-1,-1,-1
126,7,192.00,93.00,58.00,156.00,1,-1,-1,-1
126,2,416.00,115.00,60.00,150.00,1,-1,-1,-1
127,32,483.00,110.00,73.00,141.00,1,-1,-1,-1
127,31,626.00,141.00,14.00,118.00,1,-1,-1,-1
127,28,395.00,111.00,44.00,134.00,1,-1,-1,-1
127,23,296.00,90.00,52.00,167.00,1,-1,-1,-1
127,7,190.00,92.00,61.00,158.00,1,-1,-1,-1
127,2,411.00,115.00,64.00,148.00,1,-1,-1,-1
128,32,481.00,111.00,80.00,143.00,1,-1,-1,-1
128,28,392.00,111.00,46.00,129.00,1,-1,-1,-1
128,23,291.00,91.00,55.00,166.00,1,-1,-1,-1
128,7,190.00,93.00,61.00,155.00,1,-1,-1,-1
128,2,408.00,114.00,67.00,148.00,1,-1,-1,-1
129,32,482.00,109.00,80.00,145.00,1,-1,-1,-1
129,28,390.00,112.00,49.00,136.00,1,-1,-1,-1
129,23,285.00,90.00,62.00,171.00,1,-1,-1,-1
129,7,191.00,93.00,60.00,155.00,1,-1,-1,-1
129,2,407.00,116.00,66.00,147.00,1,-1,-1,-1
130,32,474.00,110.00,83.00,144.00,1,-1,-1,-1
130,28,390.00,113.00,52.00,137.00,1,-1,-1,-1
130,23,277.00,91.00,71.00,168.00,1,-1,-1,-1
130,7,193.00,92.00,58.00,156.00,1,-1,-1,-1
130,2,403.00,116.00,68.00,148.00,1,-1,-1,-1
131,32,474.00,112.00,82.00,143.00,1,-1,-1,-1
131,23,275.00,91.00,73.00,168.00,1,-1,-1,-1
131,7,192.00,91.00,58.00,156.00,1,-1,-1,-1
131,2,397.00,114.00,68.00,149.00,1,-1,-1,-1
132,32,471.00,112.00,83.00,144.00,1,-1,-1,-1
132,23,275.00,91.00,73.00,168.00,1,-1,-1,-1
132,7,193.00,92.00,57.00,156.00,1,-1,-1,-1
132,2,397.00,114.00,61.00,148.00,1,-1,-1,-1
133,32,464.00,115.00,87.00,138.00,1,-1,-1,-1
133,23,274.00,91.00,71.00,166.00,1,-1,-1,-1
133,7,193.00,92.00,57.00,156.00,1,-1,-1,-1
133,2,396.00,111.00,58.00,150.00,1,-1,-1,-1
134,33,2.00,129.00,45.00,164.00,1,-1,-1,-1
134,32,468.00,111.00,84.00,143.00,1,-1,-1,-1
134,23,274.00,92.00,68.00,168.00,1,-1,-1,-1
134,7,190.00,91.00,59.00,157.00,1,-1,-1,-1
134,2,396.00,111.00,55.00,151.00,1,-1,-1,-1
135,33,2.00,81.00,48.00,214.00,1,-1,-1,-1
135,32,468.00,111.00,79.00,142.00,1,-1,-1,-1
135,23,271.00,93.00,71.00,165.00,1,-1,-1,-1
135,7,191.00,91.00,56.00,158.00,1,-1,-1,-1
135,2,394.00,110.00,59.00,150.00,1,-1,-1,-1
136,33,2.00,87.00,49.00,205.00,1,-1,-1,-1
136,32,464.00,112.00,77.00,139.00,1,-1,-1,-1
136,23,269.00,94.00,70.00,162.00,1,-1,-1,-1
136,7,190.00,92.00,60.00,155.00,1,-1,-1,-1
136,2,393.00,108.00,60.00,152.00,1,-1,-1,-1
137,33,2.00,76.00,49.00,219.00,1,-1,-1,-1
137,32,467.00,110.00,67.00,142.00,1,-1,-1,-1
137,23,270.00,92.00,68.00,165.00,1,-1,-1,-1
137,7,190.00,92.00,58.00,156.00,1,-1,-1,-1
137,2,396.00,109.00,57.00,152.00,1,-1,-1,-1
138,33,3.00,115.00,48.00,178.00,1,-1,-1,-1
138,32,465.00,109.00,65.00,144.00,1,-1,-1,-1
138,23,271.00,93.00,65.00,166.00,1,-1,-1,-1
138,7,190.00,90.00,57.00,158.00,1,-1,-1,-1
138,2,392.00,109.00,62.00,151.00,1,-1,-1,-1
139,33,4.00,116.00,48.00,177.00,1,-1,-1,-1
139,32,465.00,111.00,59.00,143.00,1,-1,-1,-1
139,23,268.00,93.00,66.00,165.00,1,-1,-1,-1
139,7,189.00,90.00,56.00,158.00,1,-1,-1,-1
139,2,389.00,110.00,64.00,150.00,1,-1,-1,-1
140,33,6.00,112.00,45.00,184.00,1,-1,-1,-1
140,32,463.00,110.00,51.00,142.00,1,-1,-1,-1
140,23,269.00,95.00,64.00,162.00,1,-1,-1,-1
140,7,188.00,92.00,57.00,154.00,1,-1,-1,-1
140,2,381.00,109.00,73.00,151.00,1,-1,-1,-1
141,33,7.00,103.00,45.00,190.00,1,-1,-1,-1
141,32,462.00,112.00,55.00,141.00,1,-1,-1,-1
141,23,269.00,98.00,63.00,159.00,1,-1,-1,-1
141,7,186.00,91.00,57.00,156.00,1,-1,-1,-1
141,2,373.00,111.00,73.00,149.00,1,-1,-1,-1
142,33,13.00,107.00,42.00,184.00,1,-1,-1,-1
142,32,462.00,113.00,55.00,140.00,1,-1,-1,-1
142,23,270.00,94.00,60.00,163.00,1,-1,-1,-1
142,7,184.00,92.00,59.00,157.00,1,-1,-1,-1
142,2,369.00,113.00,69.00,146.00,1,-1,-1,-1
143,33,16.00,109.00,44.00,183.00,1,-1,-1,-1
143,32,458.00,113.00,58.00,140.00,1,-1,-1,-1
143,23,267.00,92.00,61.00,163.00,1,-1,-1,-1
143,7,184.00,91.00,58.00,160.00,1,-1,-1,-1
143,2,368.00,114.00,62.00,145.00,1,-1,-1,-1
144,34,412.00,109.00,43.00,146.00,1,-1,-1,-1
144,33,19.00,108.00,44.00,181.00,1,-1,-1,-1
144,32,457.00,113.00,57.00,140.00,1,-1,-1,-1
144,23,266.00,92.00,61.00,164.00,1,-1,-1,-1
144,7,184.00,91.00,57.00,158.00,1,-1,-1,-1
144,2,368.00,114.00,62.00,145.00,1,-1,-1,-1
145,34,412.00,109.00,44.00,145.00,1,-1,-1,-1
145,33,21.00,111.00,65.00,177.00,1,-1,-1,-1
145,32,450.00,114.00,66.00,142.00,1,-1,-1,-1
145,23,266.00,90.00,60.00,165.00,1,-1,-1,-1
145,7,185.00,95.00,56.00,153.00,1,-1,-1,-1
145,2,368.00,116.00,61.00,143.00,1,-1,-1,-1
146,34,409.00,110.00,46.00,146.00,1,-1,-1,-1
146,33,23.00,114.00,73.00,178.00,1,-1,-1,-1
146,32,449.00,115.00,66.00,142.00,1,-1,-1,-1
146,23,266.00,91.00,57.00,163.00,1,-1,-1,-1
146,7,185.00,93.00,56.00,156.00,1,-1,-1,-1
146,2,366.00,115.00,61.00,143.00,1,-1,-1,-1
147,37,2.00,144.00,31.00,143.00,1,-1,-1,-1
147,34,409.00,111.00,47.00,145.00,1,-1,-1,-1
147,33,23.00,118.00,80.00,168.00,1,-1,-1,-1
147,32,451.00,114.00,64.00,142.00,1,-1,-1,-1
147,23,266.00,90.00,55.00,165.00,1,-1,-1,-1
147,7,183.00,93.00,57.00,156.00,1,-1,-1,-1
147,2,365.00,115.00,59.00,143.00,1,-1,-1,-1
148,37,2.00,147.00,31.00,138.00,1,-1,-1,-1
148,34,408.00,113.00,49.00,144.00,1,-1,-1,-1
148,33,21.00,114.00,84.00,172.00,1,-1,-1,-1
148,32,450.00,114.00,64.00,143.00,1,-1,-1,-1
148,23,263.00,90.00,55.00,166.00,1,-1,-1,-1
148,7,183.00,93.00,57.00,157.00,1,-1,-1,-1
148,2,365.00,114.00,57.00,144.00,1,-1,-1,-1
149,37,1.00,148.00,33.00,133.00,1,-1,-1,-1
149,34,405.00,113.00,51.00,144.00,1,-1,-1,-1
149,33,18.00,112.00,91.00,175.00,1,-1,-1,-1
149,32,452.00,111.00,65.00,147.00,1,-1,-1,-1
149,23,263.00,90.00,54.00,166.00,1,-1,-1,-1
149,7,183.00,92.00,56.00,156.00,1,-1,-1,-1
149,2,363.00,113.00,56.00,145.00,1,-1,-1,-1
150,34,403.00,112.00,51.00,143.00,1,-1,-1,-1
150,33,24.00,113.00,83.00,176.00,1,-1,-1,-1
150,32,454.00,111.00,60.00,147.00,1,-1,-1,-1
150,23,261.00,92.00,55.00,163.00,1,-1,-1,-1
150,7,183.00,92.00,57.00,158.00,1,-1,-1,-1
150,2,361.00,112.00,54.00,145.00,1,-1,-1,-1
151,34,405.00,111.00,51.00,147.00,1,-1,-1,-1
151,33,30.00,116.00,80.00,173.00,1,-1,-1,-1
151,32,453.00,110.00,61.00,148.00,1,-1,-1,-1
151,23,262.00,92.00,55.00,165.00,1,-1,-1,-1
151,7,182.00,91.00,58.00,158.00,1,-1,-1,-1
151,2,358.00,113.00,53.00,142.00,1,-1,-1,-1
152,34,405.00,112.00,53.00,146.00,1,-1,-1,-1
152,33,30.00,117.00,79.00,172.00,1,-1,-1,-1
152,32,453.00,110.00,57.00,149.00,1,-1,-1,-1
152,23,262.00,92.00,52.00,161.00,1,-1,-1,-1
152,7,182.00,90.00,57.00,159.00,1,-1,-1,-1
152,2,354.00,112.00,53.00,143.00,1,-1,-1,-1
153,34,402.00,112.00,56.00,146.00,1,-1,-1,-1
153,33,39.00,112.00,69.00,176.00,1,-1,-1,-1
153,32,453.00,112.00,55.00,145.00,1,-1,-1,-1
153,23,260.00,92.00,55.00,162.00,1,-1,-1,-1
153,7,183.00,91.00,56.00,156.00,1,-1,-1,-1
153,2,352.00,111.00,52.00,144.00,1,-1,-1,-1
154,34,401.00,111.00,55.00,145.00,1,-1,-1,-1
154,33,52.00,111.00,57.00,173.00,1,-1,-1,-1
154,32,453.00,112.00,52.00,146.00,1,-1,-1,-1
154,23,261.00,93.00,53.00,159.00,1,-1,-1,-1
154,7,181.00,92.00,59.00,157.00,1,-1,-1,-1
154,2,350.00,111.00,52.00,144.00,1,-1,-1,-1
155,34,398.00,111.00,57.00,145.00,1,-1,-1,-1
155,33,63.00,110.00,51.00,174.00,1,-1,-1,-1
155,32,454.00,109.00,52.00,148.00,1,-1,-1,-1
155,23,260.00,93.00,54.00,160.00,1,-1,-1,-1
155,7,182.00,92.00,58.00,157.00,1,-1,-1,-1
155,2,351.00,112.00,49.00,144.00,1,-1,-1,-1
156,34,401.00,111.00,52.00,145.00,1,-1,-1,-1
156,33,72.00,109.00,48.00,175.00,1,-1,-1,-1
156,32,449.00,111.00,56.00,147.00,1,-1,-1,-1
156,23,262.00,91.00,50.00,163.00,1,-1,-1,-1
156,7,182.00,92.00,57.00,158.00,1,-1,-1,-1
156,2,349.00,112.00,49.00,144.00,1,-1,-1,-1
157,34,401.00,111.00,52.00,145.00,1,-1,-1,-1
157,33,75.00,109.00,49.00,177.00,1,-1,-1,-1
157,32,449.00,112.00,56.00,146.00,1,-1,-1,-1
157,23,262.00,93.00,50.00,161.00,1,-1,-1,-1
157,7,183.00,92.00,57.00,157.00,1,-1,-1,-1
157,2,348.00,112.00,46.00,144.00,1,-1,-1,-1
158,34,401.00,112.00,51.00,144.00,1,-1,-1,-1
158,33,80.00,113.00,49.00,175.00,1,-1,-1,-1
158,32,447.00,113.00,57.00,146.00,1,-1,-1,-1
158,23,261.00,93.00,50.00,161.00,1,-1,-1,-1
158,7,183.00,91.00,56.00,156.00,1,-1,-1,-1
158,2,346.00,112.00,47.00,144.00,1,-1,-1,-1
159,34,400.00,112.00,51.00,145.00,1,-1,-1,-1
159,33,84.00,111.00,48.00,172.00,1,-1,-1,-1
159,32,446.00,111.00,57.00,149.00,1,-1,-1,-1
159,23,261.00,94.00,50.00,159.00,1,-1,-1,-1
159,7,183.00,93.00,57.00,156.00,1,-1,-1,-1
159,2,344.00,112.00,47.00,143.00,1,-1,-1,-1
160,34,400.00,113.00,51.00,145.00,1,-1,-1,-1
160,33,88.00,112.00,51.00,171.00,1,-1,-1,-1
160,32,446.00,111.00,56.00,150.00,1,-1,-1,-1
160,23,261.00,94.00,49.00,160.00,1,-1,-1,-1
160,7,184.00,92.00,56.00,158.00,1,-1,-1,-1
160,2,344.00,112.00,44.00,143.00,1,-1,-1,-1
161,34,398.00,112.00,53.00,147.00,1,-1,-1,-1
161,33,89.00,114.00,77.00,167.00,1,-1,-1,-1
161,32,443.00,112.00,58.00,150.00,1,-1,-1,-1
161,23,261.00,92.00,49.00,163.00,1,-1,-1,-1
161,7,184.00,93.00,56.00,156.00,1,-1,-1,-1
161,2,342.00,113.00,45.00,141.00,1,-1,-1,-1
162,34,398.00,115.00,52.00,143.00,1,-1,-1,-1
162,33,92.00,114.00,82.00,168.00,1,-1,-1,-1
162,32,443.00,112.00,52.00,148.00,1,-1,-1,-1
162,23,262.00,93.00,48.00,161.00,1,-1,-1,-1
162,7,185.00,95.00,55.00,152.00,1,-1,-1,-1
162,2,340.00,114.00,46.00,142.00,1,-1,-1,-1
163,34,396.00,112.00,57.00,147.00,1,-1,-1,-1
163,33,93.00,115.00,84.00,167.00,1,-1,-1,-1
163,32,439.00,112.00,56.00,147.00,1,-1,-1,-1
163,23,263.00,93.00,47.00,158.00,1,-1,-1,-1
163,7,184.00,93.00,56.00,156.00,1,-1,-1,-1
163,2,339.00,115.00,46.00,140.00,1,-1,-1,-1
164,34,396.00,114.00,54.00,145.00,1,-1,-1,-1
164,33,92.00,113.00,86.00,170.00,1,-1,-1,-1
164,32,434.00,111.00,59.00,149.00,1,-1,-1,-1
164,23,263.00,90.00,47.00,165.00,1,-1,-1,-1
164,7,184.00,93.00,56.00,155.00,1,-1,-1,-1
164,2,338.00,115.00,46.00,139.00,1,-1,-1,-1
165,34,393.00,114.00,56.00,144.00,1,-1,-1,-1
165,33,92.00,113.00,89.00,170.00,1,-1,-1,-1
165,32,434.00,108.00,59.00,153.00,1,-1,-1,-1
165,23,262.00,90.00,49.00,161.00,1,-1,-1,-1
165,7,183.00,93.00,57.00,156.00,1,-1,-1,-1
165,2,334.00,113.00,49.00,142.00,1,-1,-1,-1
166,34,392.00,112.00,57.00,146.00,1,-1,-1,-1
166,33,94.00,106.00,87.00,176.00,1,-1,-1,-1
166,32,432.00,108.00,59.00,152.00,1,-1,-1,-1
166,23,264.00,89.00,47.00,160.00,1,-1,-1,-1
166,7,185.00,92.00,54.00,155.00,1,-1,-1,-1
166,2,332.00,112.00,49.00,143.00,1,-1,-1,-1
167,34,390.00,110.00,53.00,148.00,1,-1,-1,-1
167,33,95.00,110.00,84.00,174.00,1,-1,-1,-1
167,32,431.00,108.00,61.00,152.00,1,-1,-1,-1
167,23,262.00,89.00,48.00,160.00,1,-1,-1,-1
167,7,185.00,95.00,55.00,154.00,1,-1,-1,-1
167,2,332.00,112.00,47.00,141.00,1,-1,-1,-1
168,34,387.00,110.00,52.00,150.00,1,-1,-1,-1
168,33,103.00,107.00,77.00,176.00,1,-1,-1,-1
168,32,428.00,107.00,63.00,154.00,1,-1,-1,-1
168,23,263.00,86.00,46.00,161.00,1,-1,-1,-1
168,7,185.00,93.00,55.00,154.00,1,-1,-1,-1
168,2,330.00,109.00,49.00,142.00,1,-1,-1,-1
169,34,385.00,108.00,50.00,151.00,1,-1,-1,-1
169,33,108.00,97.00,77.00,183.00,1,-1,-1,-1
169,32,427.00,107.00,63.00,155.00,1,-1,-1,-1
169,23,263.00,85.00,45.00,163.00,1,-1,-1,-1
169,7,183.00,93.00,58.00,156.00,1,-1,-1,-1
169,2,327.00,110.00,50.00,139.00,1,-1,-1,-1
170,34,384.00,107.00,50.00,153.00,1,-1,-1,-1
170,33,115.00,105.00,69.00,174.00,1,-1,-1,-1
170,32,424.00,106.00,61.00,154.00,1,-1,-1,-1
170,23,262.00,85.00,46.00,164.00,1,-1,-1,-1
170,7,185.00,93.00,55.00,154.00,1,-1,-1,-1
170,2,329.00,109.00,47.00,142.00,1,-1,-1,-1
171,34,384.00,109.00,49.00,149.00,1,-1,-1,-1
171,33,124.00,102.00,66.00,174.00,1,-1,-1,-1
171,32,420.00,108.00,67.00,153.00,1,-1,-1,-1
171,23,261.00,85.00,47.00,164.00,1,-1,-1,-1
171,7,186.00,93.00,54.00,154.00,1,-1,-1,-1
171,2,328.00,109.00,48.00,141.00,1,-1,-1,-1
172,34,380.00,109.00,51.00,150.00,1,-1,-1,-1
172,33,134.00,103.00,52.00,175.00,1,-1,-1,-1
172,32,423.00,107.00,61.00,156.00,1,-1,-1,-1
172,23,261.00,87.00,46.00,163.00,1,-1,-1,-1
172,7,185.00,94.00,55.00,153.00,1,-1,-1,-1
172,2,328.00,110.00,48.00,139.00,1,-1,-1,-1
173,34,378.00,109.00,53.00,150.00,1,-1,-1,-1
173,33,141.00,95.00,48.00,181.00,1,-1,-1,-1
173,32,423.00,110.00,62.00,152.00,1,-1,-1,-1
173,23,260.00,86.00,45.00,164.00,1,-1,-1,-1
173,7,185.00,92.00,55.00,155.00,1,-1,-1,-1
173,2,327.00,109.00,50.00,140.00,1,-1,-1,-1
174,34,375.00,110.00,53.00,151.00,1,-1,-1,-1
174,33,144.00,93.00,54.00,183.00,1,-1,-1,-1
174,32,424.00,111.00,59.00,153.00,1,-1,-1,-1
174,23,261.00,86.00,44.00,165.00,1,-1,-1,-1
174,7,187.00,93.00,54.00,155.00,1,-1,-1,-1
174,2,328.00,108.00,48.00,141.00,1,-1,-1,-1
175,34,375.00,111.00,53.00,149.00,1,-1,-1,-1
175,33,147.00,103.00,51.00,174.00,1,-1,-1,-1
175,32,423.00,111.00,59.00,153.00,1,-1,-1,-1
175,23,260.00,86.00,44.00,164.00,1,-1,-1,-1
175,7,189.00,93.00,52.00,154.00,1,-1,-1,-1
175,2,326.00,106.00,48.00,145.00,1,-1,-1,-1
176,34,370.00,111.00,55.00,150.00,1,-1,-1,-1
176,33,150.00,106.00,53.00,171.00,1,-1,-1,-1
176,32,418.00,110.00,63.00,153.00,1,-1,-1,-1
176,23,260.00,88.00,45.00,161.00,1,-1,-1,-1
176,7,189.00,93.00,52.00,154.00,1,-1,-1,-1
176,2,325.00,108.00,49.00,141.00,1,-1,-1,-1
177,34,371.00,113.00,53.00,148.00,1,-1,-1,-1
177,33,153.00,105.00,57.00,175.00,1,-1,-1,-1
177,32,418.00,109.00,63.00,157.00,1,-1,-1,-1
177,23,260.00,87.00,43.00,163.00,1,-1,-1,-1
177,7,192.00,93.00,48.00,154.00,1,-1,-1,-1
177,2,320.00,108.00,51.00,142.00,1,-1,-1,-1
178,34,371.00,113.00,52.00,148.00,1,-1,-1,-1
178,33,152.00,102.00,64.00,178.00,1,-1,-1,-1
178,32,415.00,109.00,63.00,154.00,1,-1,-1,-1
178,23,261.00,87.00,42.00,162.00,1,-1,-1,-1
178,7,198.00,93.00,43.00,154.00,1,-1,-1,-1
178,2,317.00,109.00,52.00,140.00,1,-1,-1,-1
179,34,364.00,111.00,57.00,151.00,1,-1,-1,-1
179,33,150.00,106.00,73.00,171.00,1,-1,-1,-1
179,32,415.00,108.00,60.00,155.00,1,-1,-1,-1
179,23,260.00,89.00,43.00,161.00,1,-1,-1,-1
179,7,198.00,94.00,42.00,153.00,1,-1,-1,-1
179,2,317.00,107.00,50.00,142.00,1,-1,-1,-1
