1,6131,178.84,94.22,37.70,149.57,1,-1,-1,-1
1,6130,510.58,112.03,52.16,125.66,1,-1,-1,-1
1,6129,573.52,84.84,64.95,198.87,1,-1,-1,-1
1,6128,100.20,96.18,63.39,221.80,1,-1,-1,-1
1,6127,439.41,88.12,82.82,245.43,1,-1,-1,-1
1,6126,173.49,94.67,77.25,228.68,1,-1,-1,-1
1,6125,349.72,78.90,88.44,251.44,1,-1,-1,-1
2,6131,180.80,94.88,37.61,153.78,1,-1,-1,-1
2,6130,509.53,112.02,52.15,126.76,1,-1,-1,-1
2,6129,571.05,86.15,67.94,199.34,1,-1,-1,-1
2,6128,92.57,95.74,67.00,225.12,1,-1,-1,-1
2,6127,443.59,87.56,80.92,241.13,1,-1,-1,-1
2,6126,183.27,96.17,72.45,222.22,1,-1,-1,-1
2,6125,348.71,79.88,88.83,251.05,1,-1,-1,-1
3,6131,180.50,95.23,37.77,156.12,1,-1,-1,-1
3,6130,510.29,113.82,49.36,123.31,1,-1,-1,-1
3,6129,570.61,85.93,68.67,199.97,1,-1,-1,-1
3,6128,79.42,93.91,73.54,230.71,1,-1,-1,-1
3,6127,443.78,88.05,81.25,242.75,1,-1,-1,-1
3,6126,188.02,94.80,73.02,225.00,1,-1,-1,-1
3,6125,352.18,78.35,93.93,254.45,1,-1,-1,-1
4,6131,181.36,92.94,38.72,159.97,1,-1,-1,-1
4,6130,509.83,114.47,47.20,121.08,1,-1,-1,-1
4,6129,569.41,87.20,69.14,197.91,1,-1,-1,-1
4,6128,68.19,94.24,79.47,234.48,1,-1,-1,-1
4,6127,447.89,87.99,78.99,239.12,1,-1,-1,-1
4,6126,193.34,91.00,73.38,228.96,1,-1,-1,-1
4,6125,354.96,81.00,94.72,252.24,1,-1,-1,-1
5,6131,181.38,91.10,39.90,163.05,1,-1,-1,-1
5,6130,509.28,114.27,47.38,122.73,1,-1,-1,-1
5,6129,568.76,88.23,68.76,196.85,1,-1,-1,-1
5,6128,60.64,96.55,83.26,233.63,1,-1,-1,-1
5,6127,451.48,84.69,81.53,242.35,1,-1,-1,-1
5,6126,197.38,87.09,77.17,234.13,1,-1,-1,-1
5,6125,355.89,82.50,95.49,250.63,1,-1,-1,-1
6,6131,181.25,91.32,40.14,162.58,1,-1,-1,-1
6,6130,507.50,117.66,45.67,118.87,1,-1,-1,-1
6,6129,568.33,88.28,68.62,196.75,1,-1,-1,-1
6,6128,53.97,96.19,86.46,232.83,1,-1,-1,-1
6,6127,455.44,79.36,88.34,247.55,1,-1,-1,-1
6,6126,204.55,87.82,80.55,235.45,1,-1,-1,-1
6,6125,359.54,84.07,94.62,247.65,1,-1,-1,-1
7,6131,181.58,92.49,39.81,160.98,1,-1,-1,-1
7,6129,567.28,87.64,69.24,197.14,1,-1,-1,-1
7,6128,50.00,97.43,87.59,232.27,1,-1,-1,-1
7,6127,458.11,79.40,92.96,248.47,1,-1,-1,-1
7,6126,209.32,88.42,83.81,235.96,1,-1,-1,-1
7,6125,362.50,85.50,94.09,244.71,1,-1,-1,-1
8,6131,181.12,91.82,41.56,162.29,1,-1,-1,-1
8,6129,564.38,86.60,72.40,198.35,1,-1,-1,-1
8,6128,47.62,99.54,84.57,228.88,1,-1,-1,-1
8,6127,459.20,81.62,89.69,243.78,1,-1,-1,-1
8,6126,213.03,90.15,86.90,234.75,1,-1,-1,-1
8,6125,365.95,86.20,94.25,243.81,1,-1,-1,-1
9,6131,182.07,92.57,42.46,161.94,1,-1,-1,-1
9,6129,562.78,87.64,74.16,197.55,1,-1,-1,-1
9,6128,44.86,99.61,81.31,227.22,1,-1,-1,-1
9,6127,461.41,82.14,87.11,242.31,1,-1,-1,-1
9,6126,217.71,91.78,88.72,233.52,1,-1,-1,-1
9,6125,369.36,85.99,93.97,242.46,1,-1,-1,-1
10,6131,181.98,91.77,43.43,162.61,1,-1,-1,-1
10,6129,561.45,89.88,74.80,196.03,1,-1,-1,-1
10,6128,40.95,99.15,75.94,225.40,1,-1,-1,-1
10,6127,464.48,83.52,86.29,241.72,1,-1,-1,-1
10,6126,222.89,92.65,91.20,231.45,1,-1,-1,-1
10,6125,371.42,85.59,92.90,241.65,1,-1,-1,-1
11,6131,181.78,91.72,44.99,162.56,1,-1,-1,-1
11,6129,558.80,89.46,76.69,195.82,1,-1,-1,-1
11,6128,37.05,99.54,70.61,223.44,1,-1,-1,-1
11,6127,467.71,84.83,86.08,237.80,1,-1,-1,-1
11,6126,226.23,94.00,92.11,228.82,1,-1,-1,-1
11,6125,373.24,86.10,91.76,240.25,1,-1,-1,-1
12,6131,180.50,92.03,45.10,162.22,1,-1,-1,-1
12,6129,554.51,88.79,73.95,195.23,1,-1,-1,-1
12,6128,31.19,100.47,67.60,222.01,1,-1,-1,-1
12,6127,468.96,86.10,89.27,237.70,1,-1,-1,-1
12,6126,227.65,93.97,92.74,228.59,1,-1,-1,-1
12,6125,375.23,83.79,90.14,238.08,1,-1,-1,-1
13,6133,603.99,106.18,36.64,128.26,1,-1,-1,-1
13,6131,180.05,92.25,44.77,161.70,1,-1,-1,-1
13,6129,551.83,88.20,71.11,194.03,1,-1,-1,-1
13,6128,26.90,100.02,64.58,220.74,1,-1,-1,-1
13,6127,470.00,86.71,93.19,237.94,1,-1,-1,-1
13,6126,232.77,92.46,91.02,228.08,1,-1,-1,-1
13,6125,377.29,82.69,89.19,237.34,1,-1,-1,-1
14,6133,603.30,102.29,37.27,134.50,1,-1,-1,-1
14,6131,178.77,92.50,45.13,161.01,1,-1,-1,-1
14,6129,551.05,89.34,67.76,192.16,1,-1,-1,-1
14,6128,20.60,100.01,64.84,221.74,1,-1,-1,-1
14,6127,474.07,89.17,94.17,235.30,1,-1,-1,-1
14,6126,236.43,91.55,89.27,226.29,1,-1,-1,-1
14,6125,380.16,82.31,88.45,236.75,1,-1,-1,-1
15,6133,601.17,99.50,38.89,138.99,1,-1,-1,-1
15,6131,179.35,92.62,45.32,160.37,1,-1,-1,-1
15,6129,549.65,87.87,65.03,189.78,1,-1,-1,-1
15,6128,13.19,100.16,67.18,222.53,1,-1,-1,-1
15,6127,478.77,88.42,94.57,234.81,1,-1,-1,-1
15,6126,240.87,90.03,86.67,225.26,1,-1,-1,-1
15,6125,382.43,82.17,87.78,236.71,1,-1,-1,-1
16,6133,598.15,97.88,41.23,143.30,1,-1,-1,-1
16,6131,179.81,92.93,45.02,160.00,1,-1,-1,-1
16,6129,547.20,88.38,63.30,187.14,1,-1,-1,-1
16,6128,6.53,100.03,70.92,225.38,1,-1,-1,-1
16,6127,481.01,88.59,94.36,234.85,1,-1,-1,-1
16,6126,244.94,90.20,83.64,224.04,1,-1,-1,-1
16,6125,385.14,82.32,86.92,236.82,1,-1,-1,-1
17,6133,595.33,97.45,43.57,145.45,1,-1,-1,-1
17,6131,179.93,93.53,44.69,159.36,1,-1,-1,-1
17,6129,545.71,89.93,60.93,187.60,1,-1,-1,-1
17,6128,2.85,98.35,72.99,227.02,1,-1,-1,-1
17,6127,483.51,89.48,92.21,234.00,1,-1,-1,-1
17,6126,248.64,92.11,79.94,221.23,1,-1,-1,-1
17,6125,388.45,82.53,87.08,237.34,1,-1,-1,-1
18,6133,594.11,97.90,44.94,144.56,1,-1,-1,-1
18,6131,179.80,93.39,44.84,158.79,1,-1,-1,-1
18,6129,545.07,91.92,59.53,187.82,1,-1,-1,-1
18,6128,2.02,100.29,74.91,225.73,1,-1,-1,-1
18,6127,485.73,88.85,90.34,233.56,1,-1,-1,-1
18,6126,253.47,91.79,76.47,220.19,1,-1,-1,-1
18,6125,393.09,83.50,87.44,237.03,1,-1,-1,-1
19,6133,592.83,98.76,46.14,144.18,1,-1,-1,-1
19,6131,180.00,93.41,44.78,158.50,1,-1,-1,-1
19,6129,543.46,92.31,59.83,188.51,1,-1,-1,-1
19,6128,1.87,100.38,76.99,226.35,1,-1,-1,-1
19,6127,488.56,87.60,88.60,233.64,1,-1,-1,-1
19,6126,257.44,91.63,73.97,217.80,1,-1,-1,-1
19,6125,398.66,85.12,88.67,236.18,1,-1,-1,-1
20,6133,591.67,99.41,46.89,144.42,1,-1,-1,-1
20,6131,180.01,93.43,44.59,158.07,1,-1,-1,-1
20,6129,543.67,92.48,57.12,186.32,1,-1,-1,-1
20,6128,0.72,94.08,77.72,230.25,1,-1,-1,-1
20,6127,492.29,85.65,86.38,234.24,1,-1,-1,-1
20,6126,261.29,92.73,75.78,216.36,1,-1,-1,-1
20,6125,402.17,87.11,89.43,234.91,1,-1,-1,-1
21,6133,589.74,100.29,48.63,144.06,1,-1,-1,-1
21,6131,180.38,93.19,44.58,157.83,1,-1,-1,-1
21,6129,549.47,95.95,51.96,181.46,1,-1,-1,-1
21,6128,-0.23,88.47,76.24,236.75,1,-1,-1,-1
21,6127,497.52,83.81,85.23,235.37,1,-1,-1,-1
21,6126,265.04,94.86,77.39,213.75,1,-1,-1,-1
21,6125,403.91,86.80,90.11,235.02,1,-1,-1,-1
22,6133,586.01,99.83,51.69,144.84,1,-1,-1,-1
22,6131,180.57,93.77,44.29,157.20,1,-1,-1,-1
22,6128,-2.65,83.23,71.94,240.39,1,-1,-1,-1
22,6127,501.67,80.30,83.93,235.62,1,-1,-1,-1
22,6126,269.65,96.95,78.09,211.18,1,-1,-1,-1
22,6125,407.00,86.12,89.44,234.77,1,-1,-1,-1
23,6137,478.87,114.77,34.23,29.93,1,-1,-1,-1
23,6133,582.93,100.18,54.56,145.26,1,-1,-1,-1
23,6131,180.07,93.57,44.21,156.98,1,-1,-1,-1
23,6128,-5.21,89.16,65.65,236.17,1,-1,-1,-1
23,6127,507.99,79.62,83.30,234.96,1,-1,-1,-1
23,6126,271.63,98.31,77.63,210.87,1,-1,-1,-1
23,6125,408.86,84.99,88.81,235.02,1,-1,-1,-1
24,6137,480.51,113.79,32.97,30.12,1,-1,-1,-1
24,6133,583.01,100.20,55.08,145.05,1,-1,-1,-1
24,6131,179.87,93.43,43.93,156.92,1,-1,-1,-1
24,6128,-7.44,86.11,57.66,237.48,1,-1,-1,-1
24,6127,513.52,82.01,81.37,232.33,1,-1,-1,-1
24,6126,274.39,98.67,76.00,210.06,1,-1,-1,-1
24,6125,411.27,85.65,88.77,233.45,1,-1,-1,-1
25,6133,581.55,102.76,56.12,143.31,1,-1,-1,-1
25,6131,179.85,94.18,43.31,156.46,1,-1,-1,-1
25,6128,-7.38,83.94,49.61,238.40,1,-1,-1,-1
25,6127,514.61,83.16,80.86,229.87,1,-1,-1,-1
25,6126,276.87,98.58,76.77,210.29,1,-1,-1,-1
25,6125,413.52,86.44,89.31,232.68,1,-1,-1,-1
26,6133,582.40,102.66,55.13,142.70,1,-1,-1,-1
26,6131,179.75,94.89,42.94,155.83,1,-1,-1,-1
26,6128,-6.18,80.63,43.88,228.30,1,-1,-1,-1
26,6127,515.46,84.91,81.28,229.29,1,-1,-1,-1
26,6126,280.77,97.62,75.41,210.41,1,-1,-1,-1
26,6125,417.42,85.33,89.94,232.38,1,-1,-1,-1
27,6133,580.99,102.27,53.08,142.14,1,-1,-1,-1
27,6131,179.67,95.08,42.75,155.82,1,-1,-1,-1
27,6128,-4.38,92.18,40.52,204.18,1,-1,-1,-1
27,6127,517.83,86.36,79.39,228.65,1,-1,-1,-1
27,6126,286.20,97.03,74.24,210.05,1,-1,-1,-1
27,6125,420.92,85.21,91.34,231.45,1,-1,-1,-1
28,6133,578.67,102.03,52.89,141.98,1,-1,-1,-1
28,6131,179.61,96.73,42.38,153.66,1,-1,-1,-1
28,6127,523.00,88.76,77.39,227.37,1,-1,-1,-1
28,6126,293.71,96.09,72.04,208.99,1,-1,-1,-1
28,6125,424.88,83.98,90.35,230.59,1,-1,-1,-1
29,6131,180.22,99.56,41.78,151.30,1,-1,-1,-1
29,6127,523.93,89.37,78.17,226.96,1,-1,-1,-1
29,6126,300.95,96.64,71.94,207.88,1,-1,-1,-1
29,6125,427.68,82.08,87.43,231.14,1,-1,-1,-1
30,6140,502.65,82.23,55.83,211.64,1,-1,-1,-1
30,6139,586.66,107.33,49.98,131.41,1,-1,-1,-1
30,6131,180.13,99.22,41.64,150.04,1,-1,-1,-1
30,6127,531.43,90.45,77.26,225.81,1,-1,-1,-1
30,6126,305.04,96.26,72.54,207.53,1,-1,-1,-1
30,6125,430.79,82.19,84.87,231.37,1,-1,-1,-1
31,6140,500.74,80.62,62.69,211.89,1,-1,-1,-1
31,6139,589.79,113.26,49.08,128.68,1,-1,-1,-1
31,6131,179.70,98.68,41.62,148.90,1,-1,-1,-1
31,6127,537.13,92.93,77.66,223.47,1,-1,-1,-1
31,6126,308.70,96.47,73.71,206.78,1,-1,-1,-1
31,6125,435.33,82.76,85.12,230.96,1,-1,-1,-1
32,6140,498.97,81.36,66.21,207.49,1,-1,-1,-1
32,6139,592.03,118.38,47.35,124.31,1,-1,-1,-1
32,6131,179.74,99.75,41.71,148.89,1,-1,-1,-1
32,6127,541.82,93.93,78.63,222.09,1,-1,-1,-1
32,6126,311.69,95.52,74.96,207.91,1,-1,-1,-1
32,6125,441.93,83.43,90.60,231.43,1,-1,-1,-1
33,6140,494.50,83.15,66.71,204.35,1,-1,-1,-1
33,6131,179.97,99.23,41.71,148.68,1,-1,-1,-1
33,6127,547.29,94.24,80.77,220.89,1,-1,-1,-1
33,6126,314.87,97.05,76.52,207.64,1,-1,-1,-1
33,6125,443.34,84.46,91.65,230.38,1,-1,-1,-1
34,6140,491.56,85.84,65.46,199.48,1,-1,-1,-1
34,6131,179.70,99.42,41.79,146.84,1,-1,-1,-1
34,6127,551.83,94.11,82.91,220.47,1,-1,-1,-1
34,6126,320.38,97.47,77.14,207.35,1,-1,-1,-1
34,6125,446.27,86.06,92.82,229.13,1,-1,-1,-1
35,6140,489.87,89.20,63.87,195.34,1,-1,-1,-1
35,6131,179.55,99.87,42.02,147.79,1,-1,-1,-1
35,6127,550.57,92.25,81.63,220.41,1,-1,-1,-1
35,6126,323.77,99.14,77.53,205.22,1,-1,-1,-1
35,6125,448.50,88.24,94.01,225.82,1,-1,-1,-1
36,6131,177.97,98.96,42.30,145.11,1,-1,-1,-1
36,6127,553.93,92.40,82.54,219.36,1,-1,-1,-1
36,6126,325.87,99.50,78.55,204.54,1,-1,-1,-1
36,6125,450.24,89.60,93.86,224.56,1,-1,-1,-1
37,6131,178.96,101.54,41.97,145.18,1,-1,-1,-1
37,6127,556.77,92.74,82.44,218.18,1,-1,-1,-1
37,6126,328.61,98.25,79.12,204.29,1,-1,-1,-1
37,6125,449.10,90.09,95.14,223.38,1,-1,-1,-1
38,6131,179.31,101.86,41.43,146.09,1,-1,-1,-1
38,6127,558.16,91.96,81.08,218.01,1,-1,-1,-1
38,6126,333.07,97.65,78.53,204.99,1,-1,-1,-1
38,6125,451.15,89.95,94.65,222.69,1,-1,-1,-1
39,6131,179.75,102.44,41.12,146.58,1,-1,-1,-1
39,6127,558.86,91.74,79.90,218.10,1,-1,-1,-1
39,6126,338.00,97.14,76.13,204.90,1,-1,-1,-1
39,6125,455.84,89.30,92.84,222.21,1,-1,-1,-1
40,6131,179.77,99.79,41.17,146.29,1,-1,-1,-1
40,6127,559.18,90.24,79.30,218.62,1,-1,-1,-1
40,6126,343.41,94.56,73.62,204.80,1,-1,-1,-1
40,6125,460.43,90.05,90.80,220.73,1,-1,-1,-1
41,6142,444.63,108.19,35.85,130.07,1,-1,-1,-1
41,6131,179.36,98.59,41.52,148.40,1,-1,-1,-1
41,6127,562.72,91.83,77.12,217.57,1,-1,-1,-1
41,6126,346.77,93.49,71.51,204.40,1,-1,-1,-1
41,6125,464.78,89.46,87.41,219.97,1,-1,-1,-1
42,6142,443.93,106.53,38.60,134.45,1,-1,-1,-1
42,6131,179.00,97.77,41.82,150.49,1,-1,-1,-1
42,6127,564.79,93.45,75.40,216.82,1,-1,-1,-1
42,6126,348.77,92.81,70.35,204.26,1,-1,-1,-1
42,6125,467.89,88.84,84.90,218.77,1,-1,-1,-1
43,6142,442.63,107.84,37.74,133.99,1,-1,-1,-1
43,6131,178.87,97.24,42.24,151.93,1,-1,-1,-1
43,6127,567.53,92.45,73.90,216.93,1,-1,-1,-1
43,6126,350.21,92.21,69.79,203.96,1,-1,-1,-1
43,6125,469.35,86.83,84.80,217.96,1,-1,-1,-1
44,6142,440.62,108.64,36.31,132.32,1,-1,-1,-1
44,6131,178.77,96.46,42.04,152.60,1,-1,-1,-1
44,6127,568.81,94.20,72.45,215.56,1,-1,-1,-1
44,6126,352.55,93.61,70.41,202.63,1,-1,-1,-1
44,6125,471.80,85.92,84.59,218.11,1,-1,-1,-1
45,6142,439.09,109.24,35.55,131.44,1,-1,-1,-1
45,6131,178.54,96.07,42.22,153.61,1,-1,-1,-1
45,6127,568.63,95.88,72.12,214.18,1,-1,-1,-1
45,6126,358.48,93.80,72.40,202.15,1,-1,-1,-1
45,6125,476.31,85.63,82.40,218.65,1,-1,-1,-1
46,6142,437.59,111.02,34.52,129.88,1,-1,-1,-1
46,6131,178.17,94.53,42.37,153.95,1,-1,-1,-1
46,6127,571.78,90.53,70.04,216.13,1,-1,-1,-1
46,6126,363.21,95.49,73.01,199.66,1,-1,-1,-1
46,6125,480.36,86.83,82.01,217.77,1,-1,-1,-1
47,6143,455.27,93.03,44.94,183.41,1,-1,-1,-1
47,6142,436.46,111.00,32.87,128.92,1,-1,-1,-1
47,6131,178.21,94.15,42.43,155.01,1,-1,-1,-1
47,6127,573.30,87.31,68.53,218.82,1,-1,-1,-1
47,6126,367.65,97.35,73.25,198.16,1,-1,-1,-1
47,6125,485.98,87.26,83.75,217.81,1,-1,-1,-1
48,6143,452.68,90.72,46.16,186.25,1,-1,-1,-1
48,6142,434.13,111.69,31.66,128.22,1,-1,-1,-1
48,6131,177.39,94.39,42.27,154.66,1,-1,-1,-1
48,6127,576.02,84.25,66.40,221.41,1,-1,-1,-1
48,6126,371.22,98.45,73.14,197.16,1,-1,-1,-1
48,6125,490.87,88.04,86.07,217.46,1,-1,-1,-1
49,6143,451.50,89.79,46.92,187.43,1,-1,-1,-1
49,6142,432.81,111.69,30.21,127.50,1,-1,-1,-1
49,6131,177.81,95.09,42.40,154.74,1,-1,-1,-1
49,6127,579.02,83.31,63.86,222.58,1,-1,-1,-1
49,6126,373.96,99.26,72.68,196.25,1,-1,-1,-1
49,6125,493.78,89.21,89.61,216.40,1,-1,-1,-1
50,6143,448.77,87.65,49.23,190.31,1,-1,-1,-1
50,6142,432.30,111.69,30.00,127.97,1,-1,-1,-1
50,6131,177.82,94.63,42.82,155.02,1,-1,-1,-1
50,6127,581.30,84.30,61.27,221.86,1,-1,-1,-1
50,6126,375.71,100.05,71.69,195.40,1,-1,-1,-1
50,6125,496.10,89.69,92.30,216.05,1,-1,-1,-1
51,6143,446.23,88.13,51.61,190.52,1,-1,-1,-1
51,6142,431.43,110.87,28.99,126.32,1,-1,-1,-1
51,6131,177.95,94.32,42.96,155.14,1,-1,-1,-1
51,6127,584.16,82.31,58.21,221.31,1,-1,-1,-1
51,6126,378.66,99.53,71.13,194.63,1,-1,-1,-1
51,6125,497.52,90.80,93.99,215.10,1,-1,-1,-1
52,6143,446.10,87.02,53.83,191.03,1,-1,-1,-1
52,6131,177.79,93.81,42.71,154.92,1,-1,-1,-1
52,6127,586.02,79.56,56.08,221.89,1,-1,-1,-1
52,6126,385.84,98.95,70.39,193.46,1,-1,-1,-1
52,6125,498.53,91.46,93.72,214.37,1,-1,-1,-1
53,6143,444.66,87.07,53.92,191.49,1,-1,-1,-1
53,6131,177.97,94.14,42.65,154.86,1,-1,-1,-1
53,6127,589.14,72.59,53.59,223.71,1,-1,-1,-1
53,6126,391.93,98.18,68.97,193.78,1,-1,-1,-1
53,6125,500.91,90.96,94.52,214.47,1,-1,-1,-1
54,6145,589.01,112.74,28.26,131.07,1,-1,-1,-1
54,6143,443.82,88.21,52.57,190.08,1,-1,-1,-1
54,6131,177.39,94.71,42.61,154.38,1,-1,-1,-1
54,6127,592.61,75.51,50.62,223.34,1,-1,-1,-1
54,6126,396.90,97.01,67.72,193.26,1,-1,-1,-1
54,6125,502.70,90.56,96.44,214.35,1,-1,-1,-1
55,6145,590.36,108.14,29.63,134.26,1,-1,-1,-1
55,6143,441.95,90.01,51.72,188.09,1,-1,-1,-1
55,6131,177.63,94.20,42.92,155.15,1,-1,-1,-1
55,6127,594.75,75.45,48.24,222.56,1,-1,-1,-1
55,6126,400.16,95.09,66.85,193.27,1,-1,-1,-1
55,6125,504.57,89.95,94.29,213.71,1,-1,-1,-1
56,6145,590.80,110.74,30.60,132.47,1,-1,-1,-1
56,6143,441.53,90.13,50.15,186.48,1,-1,-1,-1
56,6131,177.65,94.25,43.08,155.64,1,-1,-1,-1
56,6127,594.39,76.39,47.41,221.38,1,-1,-1,-1
56,6126,406.53,95.22,68.66,192.96,1,-1,-1,-1
56,6125,508.86,91.39,92.19,211.53,1,-1,-1,-1
57,6145,584.97,104.09,35.80,141.22,1,-1,-1,-1
57,6131,177.35,93.80,43.53,156.13,1,-1,-1,-1
57,6127,597.71,78.69,44.80,217.54,1,-1,-1,-1
57,6126,411.47,94.95,70.86,192.37,1,-1,-1,-1
57,6125,514.99,90.02,88.56,210.75,1,-1,-1,-1
58,6145,583.78,102.41,36.67,142.15,1,-1,-1,-1
58,6131,177.00,93.03,44.00,155.71,1,-1,-1,-1
58,6127,601.84,73.11,41.38,198.39,1,-1,-1,-1
58,6126,414.50,97.09,71.46,191.80,1,-1,-1,-1
58,6125,519.41,91.73,84.31,208.94,1,-1,-1,-1
59,6145,584.69,103.03,35.49,140.84,1,-1,-1,-1
59,6131,177.10,92.55,43.93,156.42,1,-1,-1,-1
59,6127,604.61,77.91,38.57,179.63,1,-1,-1,-1
59,6126,411.32,98.89,71.87,189.62,1,-1,-1,-1
59,6125,522.72,92.26,81.50,207.94,1,-1,-1,-1
60,6131,177.04,92.75,44.49,157.11,1,-1,-1,-1
60,6126,415.07,100.08,73.17,190.47,1,-1,-1,-1
60,6125,527.07,91.75,80.28,207.89,1,-1,-1,-1
61,6131,177.56,92.00,44.33,156.83,1,-1,-1,-1
61,6126,416.34,100.41,74.21,191.34,1,-1,-1,-1
61,6125,530.16,93.53,80.54,206.90,1,-1,-1,-1
62,6131,178.20,92.72,44.12,156.45,1,-1,-1,-1
62,6126,420.81,99.87,74.47,191.54,1,-1,-1,-1
62,6125,535.08,95.40,81.88,205.06,1,-1,-1,-1
63,6147,397.19,97.32,57.56,176.97,1,-1,-1,-1
63,6131,177.47,92.20,44.17,157.25,1,-1,-1,-1
63,6126,423.81,99.18,74.94,190.89,1,-1,-1,-1
63,6125,539.45,93.45,81.95,205.55,1,-1,-1,-1
64,6147,395.49,93.50,61.77,182.73,1,-1,-1,-1
64,6131,177.78,92.44,44.89,157.50,1,-1,-1,-1
64,6126,427.48,97.99,74.05,190.14,1,-1,-1,-1
64,6125,543.50,94.56,81.03,205.32,1,-1,-1,-1
65,6147,395.97,91.12,66.51,189.50,1,-1,-1,-1
65,6131,177.39,92.40,45.18,157.91,1,-1,-1,-1
65,6126,433.46,97.37,71.82,189.39,1,-1,-1,-1
65,6125,546.54,97.63,80.61,203.26,1,-1,-1,-1
66,6147,394.05,90.44,67.17,188.57,1,-1,-1,-1
66,6131,176.99,92.28,45.36,158.01,1,-1,-1,-1
66,6126,437.36,96.80,70.95,189.58,1,-1,-1,-1
66,6125,549.52,98.33,80.05,202.44,1,-1,-1,-1
67,6147,392.55,88.63,65.61,189.00,1,-1,-1,-1
67,6131,177.09,92.37,45.62,157.98,1,-1,-1,-1
67,6126,439.19,96.69,70.16,188.65,1,-1,-1,-1
67,6125,551.09,99.44,80.12,201.12,1,-1,-1,-1
68,6147,389.62,87.70,64.42,187.30,1,-1,-1,-1
68,6131,177.05,92.28,45.69,158.12,1,-1,-1,-1
68,6126,440.73,96.06,69.93,188.55,1,-1,-1,-1
68,6125,552.70,98.19,80.79,201.41,1,-1,-1,-1
69,6151,614.28,113.61,26.94,155.44,1,-1,-1,-1
69,6147,388.40,87.91,63.71,186.48,1,-1,-1,-1
69,6131,177.72,92.08,45.73,158.57,1,-1,-1,-1
69,6126,440.98,94.71,70.37,189.36,1,-1,-1,-1
69,6125,555.30,95.60,79.26,201.27,1,-1,-1,-1
70,6151,615.17,109.66,25.93,156.56,1,-1,-1,-1
70,6147,386.59,88.50,62.86,186.11,1,-1,-1,-1
70,6131,178.60,92.58,45.58,158.74,1,-1,-1,-1
70,6126,444.89,94.44,69.85,189.16,1,-1,-1,-1
70,6125,557.11,93.73,77.87,201.50,1,-1,-1,-1
71,6151,615.86,107.66,25.08,157.14,1,-1,-1,-1
71,6147,385.25,88.99,61.78,185.72,1,-1,-1,-1
71,6131,179.12,94.48,45.39,157.72,1,-1,-1,-1
71,6126,448.59,94.27,70.03,188.40,1,-1,-1,-1
71,6125,558.66,91.92,77.75,201.19,1,-1,-1,-1
72,6151,616.12,109.07,24.52,156.09,1,-1,-1,-1
72,6147,383.67,89.50,61.45,185.39,1,-1,-1,-1
72,6131,179.56,95.00,45.84,157.78,1,-1,-1,-1
72,6126,452.94,95.16,69.38,188.11,1,-1,-1,-1
72,6125,560.20,90.91,78.03,201.34,1,-1,-1,-1
73,6147,382.40,90.34,60.79,185.01,1,-1,-1,-1
73,6131,179.94,95.06,46.32,157.47,1,-1,-1,-1
73,6126,455.93,96.44,67.14,187.41,1,-1,-1,-1
73,6125,563.86,90.27,76.54,201.79,1,-1,-1,-1
74,6147,380.12,90.67,62.62,184.16,1,-1,-1,-1
74,6131,180.14,95.19,46.96,156.77,1,-1,-1,-1
74,6126,459.35,97.15,66.09,186.64,1,-1,-1,-1
74,6125,566.88,90.36,74.54,202.86,1,-1,-1,-1
75,6147,377.82,92.57,63.63,181.60,1,-1,-1,-1
75,6131,179.36,95.52,48.49,156.46,1,-1,-1,-1
75,6126,461.61,98.27,66.46,185.93,1,-1,-1,-1
75,6125,568.96,90.66,72.71,203.49,1,-1,-1,-1
76,6147,375.43,93.86,65.07,180.87,1,-1,-1,-1
76,6131,179.35,94.69,49.59,156.70,1,-1,-1,-1
76,6126,463.66,97.44,67.90,185.61,1,-1,-1,-1
76,6125,569.79,90.74,71.79,203.64,1,-1,-1,-1
77,6147,372.16,94.48,66.72,179.51,1,-1,-1,-1
77,6131,179.87,95.23,50.43,157.50,1,-1,-1,-1
77,6126,464.97,96.60,68.98,184.87,1,-1,-1,-1
77,6125,570.31,90.75,70.46,202.78,1,-1,-1,-1
78,6152,562.32,100.32,28.07,158.60,1,-1,-1,-1
78,6147,369.63,95.15,67.74,177.51,1,-1,-1,-1
78,6131,180.35,93.90,50.56,158.27,1,-1,-1,-1
78,6126,466.75,95.58,70.52,185.24,1,-1,-1,-1
78,6125,572.63,91.35,68.46,201.21,1,-1,-1,-1
79,6152,560.40,99.79,32.71,169.53,1,-1,-1,-1
79,6147,366.69,95.47,64.19,176.63,1,-1,-1,-1
79,6131,179.45,93.30,51.46,159.09,1,-1,-1,-1
79,6126,471.30,95.98,70.60,184.89,1,-1,-1,-1
79,6125,576.48,91.30,65.85,199.91,1,-1,-1,-1
80,6153,403.94,106.15,38.29,138.61,1,-1,-1,-1
80,6152,559.99,100.93,36.06,174.10,1,-1,-1,-1
80,6147,364.86,93.86,62.44,177.09,1,-1,-1,-1
80,6131,180.05,94.21,52.19,159.00,1,-1,-1,-1
80,6126,477.71,94.94,68.97,184.39,1,-1,-1,-1
80,6125,580.18,92.21,62.64,198.37,1,-1,-1,-1
81,6153,404.11,107.17,37.85,136.08,1,-1,-1,-1
81,6152,554.39,100.53,39.40,171.63,1,-1,-1,-1
81,6147,363.14,93.48,59.79,176.79,1,-1,-1,-1
81,6131,180.96,94.22,52.36,158.82,1,-1,-1,-1
81,6126,481.58,95.21,68.70,183.88,1,-1,-1,-1
81,6125,580.40,93.12,61.38,197.46,1,-1,-1,-1
82,6153,402.91,106.33,38.62,135.93,1,-1,-1,-1
82,6152,561.68,105.34,40.10,172.23,1,-1,-1,-1
82,6147,362.33,93.39,57.68,175.98,1,-1,-1,-1
82,6131,181.53,94.94,52.68,159.00,1,-1,-1,-1
82,6126,485.93,96.04,68.73,182.99,1,-1,-1,-1
82,6125,584.23,91.19,58.47,197.03,1,-1,-1,-1
83,6153,401.52,106.34,39.31,135.88,1,-1,-1,-1
83,6152,564.08,107.53,42.10,172.30,1,-1,-1,-1
83,6147,359.13,92.70,56.54,175.44,1,-1,-1,-1
83,6131,181.40,95.91,53.57,157.62,1,-1,-1,-1
83,6126,488.82,96.45,69.02,182.69,1,-1,-1,-1
83,6125,586.84,94.55,56.01,195.21,1,-1,-1,-1
84,6153,399.49,105.53,41.11,137.29,1,-1,-1,-1
84,6152,561.99,104.55,47.23,175.88,1,-1,-1,-1
84,6147,356.44,93.02,56.11,175.47,1,-1,-1,-1
84,6131,181.42,96.23,53.80,157.27,1,-1,-1,-1
84,6126,493.09,98.06,67.94,182.45,1,-1,-1,-1
84,6125,590.66,90.26,52.82,195.29,1,-1,-1,-1
85,6153,397.82,105.01,43.62,138.38,1,-1,-1,-1
85,6152,560.42,103.19,52.12,178.15,1,-1,-1,-1
85,6147,353.67,92.32,55.52,174.43,1,-1,-1,-1
85,6131,181.32,95.92,54.38,157.27,1,-1,-1,-1
85,6126,495.87,99.08,68.05,181.06,1,-1,-1,-1
85,6125,594.56,92.79,49.31,192.35,1,-1,-1,-1
86,6153,398.32,104.84,44.89,138.62,1,-1,-1,-1
86,6152,559.44,104.09,53.50,176.78,1,-1,-1,-1
86,6147,352.59,91.90,54.87,174.79,1,-1,-1,-1
86,6131,181.49,95.44,55.56,157.53,1,-1,-1,-1
86,6126,497.64,100.04,68.70,180.10,1,-1,-1,-1
86,6125,599.78,96.10,44.87,187.98,1,-1,-1,-1
87,6153,396.11,104.33,46.99,139.73,1,-1,-1,-1
87,6152,557.06,104.35,52.57,174.80,1,-1,-1,-1
87,6147,350.53,91.54,55.09,175.32,1,-1,-1,-1
87,6131,181.38,95.34,56.82,158.11,1,-1,-1,-1
87,6126,498.48,99.88,69.76,179.98,1,-1,-1,-1
87,6125,605.00,98.87,40.12,184.40,1,-1,-1,-1
88,6153,394.78,104.13,48.44,140.22,1,-1,-1,-1
88,6152,555.46,104.95,53.34,173.23,1,-1,-1,-1
88,6147,349.25,91.82,55.38,175.23,1,-1,-1,-1
88,6131,181.47,94.30,57.99,159.14,1,-1,-1,-1
88,6126,501.96,101.72,70.95,178.37,1,-1,-1,-1
88,6125,609.06,98.56,35.87,182.83,1,-1,-1,-1
89,6153,394.56,104.68,49.34,139.86,1,-1,-1,-1
89,6152,553.39,102.96,54.23,174.06,1,-1,-1,-1
89,6147,346.95,91.24,56.09,176.45,1,-1,-1,-1
89,6131,181.89,93.91,58.42,160.04,1,-1,-1,-1
89,6126,506.19,100.26,70.71,178.57,1,-1,-1,-1
89,6125,613.91,100.52,31.21,179.39,1,-1,-1,-1
90,6153,394.58,105.31,49.69,139.12,1,-1,-1,-1
90,6152,550.65,104.83,52.39,172.19,1,-1,-1,-1
90,6147,341.92,91.00,58.79,177.50,1,-1,-1,-1
90,6131,181.84,93.26,59.20,160.45,1,-1,-1,-1
90,6126,511.69,98.97,69.76,178.64,1,-1,-1,-1
91,6153,393.87,105.59,49.92,138.59,1,-1,-1,-1
91,6147,336.99,91.00,62.04,178.44,1,-1,-1,-1
91,6131,183.21,93.64,59.04,160.46,1,-1,-1,-1
91,6126,517.21,96.17,71.06,179.63,1,-1,-1,-1
92,6153,391.53,105.62,50.85,138.92,1,-1,-1,-1
92,6147,331.67,90.78,65.09,178.45,1,-1,-1,-1
92,6131,182.62,94.08,59.65,160.51,1,-1,-1,-1
92,6126,521.46,95.29,71.21,179.55,1,-1,-1,-1
93,6153,388.86,105.54,51.81,139.84,1,-1,-1,-1
93,6147,327.59,91.93,67.58,177.32,1,-1,-1,-1
93,6131,182.49,93.75,59.83,160.34,1,-1,-1,-1
93,6126,524.58,96.21,71.66,178.90,1,-1,-1,-1
94,6153,387.34,105.07,53.11,140.61,1,-1,-1,-1
94,6147,324.96,92.91,69.96,176.13,1,-1,-1,-1
94,6131,182.98,93.19,60.47,159.91,1,-1,-1,-1
94,6126,526.38,96.62,73.48,178.34,1,-1,-1,-1
95,6153,385.85,104.85,53.89,141.20,1,-1,-1,-1
95,6147,325.52,92.94,69.96,176.13,1,-1,-1,-1
95,6131,183.41,92.80,60.59,160.37,1,-1,-1,-1
95,6126,523.96,96.49,73.46,177.31,1,-1,-1,-1
96,6153,385.41,104.63,54.33,141.90,1,-1,-1,-1
96,6147,325.44,92.13,69.61,176.42,1,-1,-1,-1
96,6131,184.19,92.80,60.59,160.60,1,-1,-1,-1
96,6126,516.39,98.17,71.65,174.34,1,-1,-1,-1
97,6153,385.87,104.71,54.15,142.11,1,-1,-1,-1
97,6147,324.58,92.27,69.48,176.39,1,-1,-1,-1
97,6131,183.56,92.87,60.94,160.28,1,-1,-1,-1
97,6126,514.61,100.71,69.31,171.92,1,-1,-1,-1
98,6153,385.41,105.29,54.54,140.72,1,-1,-1,-1
98,6147,323.58,93.80,69.64,175.50,1,-1,-1,-1
98,6131,182.75,92.64,61.67,158.76,1,-1,-1,-1
98,6126,509.47,105.80,62.88,168.10,1,-1,-1,-1
99,6153,385.34,106.17,54.53,139.78,1,-1,-1,-1
99,6147,322.17,93.37,68.98,175.12,1,-1,-1,-1
99,6131,182.67,92.57,62.08,157.44,1,-1,-1,-1
99,6126,507.37,108.14,59.46,165.55,1,-1,-1,-1
100,6156,544.94,105.28,74.79,166.25,1,-1,-1,-1
100,6153,384.95,106.21,55.02,139.05,1,-1,-1,-1
100,6147,320.55,93.50,68.24,174.38,1,-1,-1,-1
100,6131,183.88,92.63,61.59,157.73,1,-1,-1,-1
100,6126,505.81,110.06,57.75,162.69,1,-1,-1,-1
101,6156,550.39,107.41,70.01,163.07,1,-1,-1,-1
101,6153,384.32,106.27,55.46,138.83,1,-1,-1,-1
101,6147,318.14,93.29,67.41,173.67,1,-1,-1,-1
101,6131,183.65,92.97,61.77,156.71,1,-1,-1,-1
101,6126,503.60,110.72,56.44,160.39,1,-1,-1,-1
102,6156,551.23,106.02,69.80,164.48,1,-1,-1,-1
102,6153,384.54,105.97,55.43,138.31,1,-1,-1,-1
102,6147,316.32,91.88,66.00,174.10,1,-1,-1,-1
102,6131,184.12,93.31,61.44,155.42,1,-1,-1,-1
102,6126,501.32,111.07,54.18,158.17,1,-1,-1,-1
103,6156,554.99,105.66,68.26,163.68,1,-1,-1,-1
103,6153,384.62,105.47,55.48,138.19,1,-1,-1,-1
103,6147,312.88,92.10,66.18,173.58,1,-1,-1,-1
103,6131,182.68,93.56,62.19,155.17,1,-1,-1,-1
103,6126,500.98,110.72,54.13,156.99,1,-1,-1,-1
104,6157,534.43,100.75,38.63,152.87,1,-1,-1,-1
104,6156,561.40,104.64,65.36,163.64,1,-1,-1,-1
104,6153,383.94,105.23,55.59,138.99,1,-1,-1,-1
104,6147,311.70,91.32,65.47,174.24,1,-1,-1,-1
104,6131,183.44,93.06,61.73,154.83,1,-1,-1,-1
104,6126,497.56,111.79,53.49,155.03,1,-1,-1,-1
105,6157,531.83,101.92,42.78,153.79,1,-1,-1,-1
105,6156,566.97,103.67,62.35,164.20,1,-1,-1,-1
105,6153,383.90,105.12,55.90,138.79,1,-1,-1,-1
105,6147,310.47,91.50,64.09,173.74,1,-1,-1,-1
105,6131,182.38,93.48,62.17,154.68,1,-1,-1,-1
105,6126,492.78,112.58,52.90,153.81,1,-1,-1,-1
106,6157,530.36,101.67,45.30,153.09,1,-1,-1,-1
106,6156,572.26,102.74,61.05,164.34,1,-1,-1,-1
106,6153,383.66,105.28,56.12,138.66,1,-1,-1,-1
106,6147,309.39,91.81,62.55,173.02,1,-1,-1,-1
106,6131,181.26,93.36,62.78,154.76,1,-1,-1,-1
106,6126,484.13,113.03,55.97,153.12,1,-1,-1,-1
107,6157,526.96,101.12,47.75,152.80,1,-1,-1,-1
107,6156,576.49,101.95,60.82,165.79,1,-1,-1,-1
107,6153,383.64,105.13,56.05,139.12,1,-1,-1,-1
107,6147,308.13,93.71,61.43,171.20,1,-1,-1,-1
107,6131,181.06,93.65,62.82,154.62,1,-1,-1,-1
107,6126,476.65,112.86,59.96,152.34,1,-1,-1,-1
108,6157,524.84,101.27,49.52,153.39,1,-1,-1,-1
108,6156,579.71,102.42,60.14,165.64,1,-1,-1,-1
108,6153,384.08,105.24,55.49,139.35,1,-1,-1,-1
108,6147,307.76,94.96,60.30,169.82,1,-1,-1,-1
108,6131,180.69,93.39,62.71,156.91,1,-1,-1,-1
108,6126,468.28,112.86,65.13,151.70,1,-1,-1,-1
109,6157,522.39,100.66,51.64,153.73,1,-1,-1,-1
109,6156,581.96,102.73,59.11,165.67,1,-1,-1,-1
109,6153,384.49,105.55,54.63,139.44,1,-1,-1,-1
109,6147,307.21,95.96,59.76,169.39,1,-1,-1,-1
109,6131,182.47,93.57,61.55,156.47,1,-1,-1,-1
109,6126,463.56,113.27,70.29,150.82,1,-1,-1,-1
110,6157,521.78,98.87,59.83,156.49,1,-1,-1,-1
110,6156,584.39,102.58,57.43,165.85,1,-1,-1,-1
110,6153,384.90,105.15,54.32,139.74,1,-1,-1,-1
110,6147,306.10,97.05,59.51,168.60,1,-1,-1,-1
110,6131,182.25,92.61,61.78,157.74,1,-1,-1,-1
110,6126,460.07,113.64,73.89,150.21,1,-1,-1,-1
111,6157,517.87,99.55,60.92,156.14,1,-1,-1,-1
111,6156,586.58,103.28,55.48,163.75,1,-1,-1,-1
111,6153,384.29,105.34,54.40,140.19,1,-1,-1,-1
111,6147,305.34,95.76,59.16,169.25,1,-1,-1,-1
111,6131,182.38,92.32,61.83,158.91,1,-1,-1,-1
111,6126,457.61,115.65,75.50,149.48,1,-1,-1,-1
112,6157,514.72,100.38,64.27,155.33,1,-1,-1,-1
112,6156,588.47,103.61,53.61,162.77,1,-1,-1,-1
112,6153,384.66,105.16,54.72,140.22,1,-1,-1,-1
112,6147,304.33,98.50,58.36,166.70,1,-1,-1,-1
112,6131,182.12,92.47,61.75,159.63,1,-1,-1,-1
112,6126,457.67,115.57,76.13,150.30,1,-1,-1,-1
113,6157,510.56,101.78,63.61,152.66,1,-1,-1,-1
113,6156,590.83,103.82,51.41,162.26,1,-1,-1,-1
113,6153,383.02,105.97,55.65,140.56,1,-1,-1,-1
113,6147,303.89,100.70,57.83,164.06,1,-1,-1,-1
113,6131,182.36,92.03,61.78,159.55,1,-1,-1,-1
113,6126,456.92,115.74,76.60,150.17,1,-1,-1,-1
114,6157,509.11,103.76,64.75,150.89,1,-1,-1,-1
114,6156,592.95,104.07,49.03,161.33,1,-1,-1,-1
114,6153,382.86,106.70,56.34,140.72,1,-1,-1,-1
114,6147,303.09,98.45,57.43,165.00,1,-1,-1,-1
114,6131,183.26,92.07,61.46,159.82,1,-1,-1,-1
114,6126,456.68,116.06,76.35,149.71,1,-1,-1,-1
115,6157,507.94,105.24,67.19,149.76,1,-1,-1,-1
115,6156,596.59,104.37,45.87,160.06,1,-1,-1,-1
115,6153,383.81,107.10,56.88,140.63,1,-1,-1,-1
115,6147,302.50,98.71,56.91,164.67,1,-1,-1,-1
115,6131,183.85,92.27,61.63,160.20,1,-1,-1,-1
115,6126,454.95,116.24,75.42,148.79,1,-1,-1,-1
116,6157,505.83,106.39,67.84,148.14,1,-1,-1,-1
116,6156,599.21,104.43,43.15,158.54,1,-1,-1,-1
116,6153,385.22,107.68,57.51,140.32,1,-1,-1,-1
116,6147,302.25,98.69,56.38,164.27,1,-1,-1,-1
116,6131,183.96,91.75,62.47,159.26,1,-1,-1,-1
116,6126,452.57,115.29,73.28,148.49,1,-1,-1,-1
117,6157,504.97,107.60,67.34,146.55,1,-1,-1,-1
117,6156,601.97,103.78,40.47,158.02,1,-1,-1,-1
117,6153,385.24,107.76,57.48,140.14,1,-1,-1,-1
117,6147,301.99,97.24,55.87,165.44,1,-1,-1,-1
117,6131,183.39,92.19,63.14,158.25,1,-1,-1,-1
117,6126,449.10,115.43,71.14,148.14,1,-1,-1,-1
118,6157,505.88,108.15,67.70,145.97,1,-1,-1,-1
118,6156,603.68,103.80,38.38,157.29,1,-1,-1,-1
118,6153,384.81,108.05,58.54,140.35,1,-1,-1,-1
118,6147,301.74,96.54,55.27,165.96,1,-1,-1,-1
118,6131,184.75,92.69,62.77,158.33,1,-1,-1,-1
118,6126,445.49,115.15,66.15,147.80,1,-1,-1,-1
119,6157,504.70,108.15,68.10,145.41,1,-1,-1,-1
119,6156,605.96,103.26,36.06,156.36,1,-1,-1,-1
119,6153,387.68,107.64,58.83,140.76,1,-1,-1,-1
119,6147,301.92,95.66,54.60,166.04,1,-1,-1,-1
119,6131,185.33,92.40,62.87,158.04,1,-1,-1,-1
119,6126,442.63,114.48,61.48,148.36,1,-1,-1,-1
120,6157,502.43,108.58,66.15,145.81,1,-1,-1,-1
120,6156,607.65,105.15,34.08,154.66,1,-1,-1,-1
120,6153,388.28,107.80,57.55,141.33,1,-1,-1,-1
120,6147,301.23,94.63,54.02,166.12,1,-1,-1,-1
120,6131,185.53,92.45,62.93,157.88,1,-1,-1,-1
120,6126,438.07,115.46,56.57,148.00,1,-1,-1,-1
121,6157,500.81,108.39,63.94,146.00,1,-1,-1,-1
121,6156,609.55,105.19,32.07,153.35,1,-1,-1,-1
121,6153,388.52,107.19,55.52,141.43,1,-1,-1,-1
121,6147,301.06,93.39,53.43,166.05,1,-1,-1,-1
121,6131,185.66,92.20,63.53,157.49,1,-1,-1,-1
121,6126,434.14,115.09,54.22,147.89,1,-1,-1,-1
122,6157,499.24,108.31,61.83,145.86,1,-1,-1,-1
122,6156,611.98,104.34,29.78,152.62,1,-1,-1,-1
122,6153,389.23,107.75,53.57,141.31,1,-1,-1,-1
122,6147,300.98,92.01,53.24,165.55,1,-1,-1,-1
122,6131,187.20,91.84,63.02,156.99,1,-1,-1,-1
122,6126,432.06,114.82,52.17,147.91,1,-1,-1,-1
123,6157,497.67,107.87,60.94,146.05,1,-1,-1,-1
123,6156,613.97,108.69,27.47,149.18,1,-1,-1,-1
123,6153,390.47,108.01,51.61,141.27,1,-1,-1,-1
123,6147,299.90,91.85,52.79,165.02,1,-1,-1,-1
123,6131,187.95,92.39,63.58,156.53,1,-1,-1,-1
123,6126,430.46,115.09,50.88,147.89,1,-1,-1,-1
124,6157,496.15,107.91,60.80,145.81,1,-1,-1,-1
124,6156,616.12,120.05,25.14,141.19,1,-1,-1,-1
124,6153,390.90,108.66,50.92,141.48,1,-1,-1,-1
124,6147,298.80,92.17,51.71,164.12,1,-1,-1,-1
124,6131,188.60,91.90,62.93,156.59,1,-1,-1,-1
124,6126,427.15,115.47,51.13,148.60,1,-1,-1,-1
125,6157,495.44,108.27,61.30,145.39,1,-1,-1,-1
125,6156,618.77,125.12,22.69,135.26,1,-1,-1,-1
125,6153,392.59,109.57,49.63,141.43,1,-1,-1,-1
125,6147,298.14,91.87,51.71,164.23,1,-1,-1,-1
125,6131,188.35,92.42,62.79,156.76,1,-1,-1,-1
125,6126,420.60,115.46,52.66,148.32,1,-1,-1,-1
126,6157,493.23,108.34,62.68,145.26,1,-1,-1,-1
126,6156,622.32,132.38,19.55,127.11,1,-1,-1,-1
126,6153,393.72,110.64,48.44,142.35,1,-1,-1,-1
126,6147,296.88,92.26,51.11,164.60,1,-1,-1,-1
126,6131,190.12,92.70,61.81,156.71,1,-1,-1,-1
126,6126,418.28,115.80,54.47,148.45,1,-1,-1,-1
127,6157,487.98,108.43,66.18,145.21,1,-1,-1,-1
127,6156,624.81,140.83,16.83,116.86,1,-1,-1,-1
127,6153,394.20,109.65,47.18,140.42,1,-1,-1,-1
127,6147,296.20,91.69,51.35,165.12,1,-1,-1,-1
127,6131,190.46,92.72,61.55,157.06,1,-1,-1,-1
127,6126,414.43,115.76,57.04,147.89,1,-1,-1,-1
128,6157,485.26,109.40,70.52,145.82,1,-1,-1,-1
128,6153,393.02,109.02,46.73,137.36,1,-1,-1,-1
128,6147,293.42,91.48,52.42,165.36,1,-1,-1,-1
128,6131,190.64,92.84,61.45,156.75,1,-1,-1,-1
128,6126,411.29,115.17,59.51,147.44,1,-1,-1,-1
129,6157,484.67,108.98,73.57,146.64,1,-1,-1,-1
129,6153,391.58,110.83,47.51,137.19,1,-1,-1,-1
129,6147,289.68,91.69,55.13,167.06,1,-1,-1,-1
129,6131,191.16,92.62,61.01,156.47,1,-1,-1,-1
129,6126,408.97,115.87,61.30,147.04,1,-1,-1,-1
130,6157,479.30,109.21,76.62,146.87,1,-1,-1,-1
130,6153,391.56,112.60,48.76,137.35,1,-1,-1,-1
130,6147,284.54,91.67,59.42,167.70,1,-1,-1,-1
130,6131,192.30,92.40,60.09,156.51,1,-1,-1,-1
130,6126,405.87,116.38,63.02,147.08,1,-1,-1,-1
131,6157,476.43,110.08,78.69,146.71,1,-1,-1,-1
131,6147,280.91,91.50,63.10,168.20,1,-1,-1,-1
131,6131,192.43,91.51,59.58,156.62,1,-1,-1,-1
131,6126,400.60,115.52,64.06,147.30,1,-1,-1,-1
132,6157,473.16,110.80,80.44,146.85,1,-1,-1,-1
132,6147,278.74,91.28,65.74,168.33,1,-1,-1,-1
132,6131,192.56,91.76,59.09,156.78,1,-1,-1,-1
132,6126,396.79,115.08,63.13,147.27,1,-1,-1,-1
133,6157,468.13,111.74,82.84,145.39,1,-1,-1,-1
133,6147,276.63,91.02,67.06,167.61,1,-1,-1,-1
133,6131,192.64,91.85,58.70,156.67,1,-1,-1,-1
133,6126,394.40,113.47,61.65,147.44,1,-1,-1,-1
134,6158,4.11,130.01,41.50,163.27,1,-1,-1,-1
134,6157,467.54,110.80,83.65,145.75,1,-1,-1,-1
134,6147,274.86,91.90,67.58,167.82,1,-1,-1,-1
134,6131,191.41,91.61,58.69,156.69,1,-1,-1,-1
134,6126,393.48,112.98,59.70,147.75,1,-1,-1,-1
135,6158,2.81,95.69,47.71,194.70,1,-1,-1,-1
135,6157,466.55,110.12,82.99,145.76,1,-1,-1,-1
135,6147,272.99,92.16,68.39,167.23,1,-1,-1,-1
135,6131,191.13,91.75,58.05,157.01,1,-1,-1,-1
135,6126,392.91,112.07,59.57,147.98,1,-1,-1,-1
136,6158,2.27,85.12,50.38,206.57,1,-1,-1,-1
136,6157,463.58,109.86,81.78,144.83,1,-1,-1,-1
136,6147,270.50,92.67,68.82,165.91,1,-1,-1,-1
136,6131,191.03,91.74,58.50,156.72,1,-1,-1,-1
136,6126,392.68,110.67,59.37,148.66,1,-1,-1,-1
137,6158,1.99,75.71,51.83,217.30,1,-1,-1,-1
137,6157,462.44,109.69,77.93,144.56,1,-1,-1,-1
137,6147,269.82,92.44,68.64,165.50,1,-1,-1,-1
137,6131,190.41,91.80,58.48,156.72,1,-1,-1,-1
137,6126,393.63,110.49,58.59,149.10,1,-1,-1,-1
138,6158,2.79,92.12,51.36,207.88,1,-1,-1,-1
138,6157,460.90,109.45,74.76,144.95,1,-1,-1,-1
138,6147,269.89,93.30,67.50,165.64,1,-1,-1,-1
138,6131,190.11,91.27,58.02,157.11,1,-1,-1,-1
138,6126,393.01,110.39,59.23,149.23,1,-1,-1,-1
139,6158,3.48,100.70,50.77,200.87,1,-1,-1,-1
139,6157,459.97,110.09,70.71,144.80,1,-1,-1,-1
139,6147,268.43,93.30,67.10,165.39,1,-1,-1,-1
139,6131,189.17,90.84,57.70,157.29,1,-1,-1,-1
139,6126,390.84,110.79,60.55,149.11,1,-1,-1,-1
140,6158,4.47,103.62,49.53,197.95,1,-1,-1,-1
140,6157,457.58,109.88,65.39,144.32,1,-1,-1,-1
140,6147,268.14,94.16,66.28,164.32,1,-1,-1,-1
140,6131,188.46,91.15,57.64,156.60,1,-1,-1,-1
140,6126,386.43,110.58,63.69,149.43,1,-1,-1,-1
141,6158,5.49,100.64,48.73,197.62,1,-1,-1,-1
141,6157,457.67,110.61,62.76,143.77,1,-1,-1,-1
141,6147,267.85,95.87,65.42,162.80,1,-1,-1,-1
141,6131,186.92,91.28,57.67,156.67,1,-1,-1,-1
141,6126,378.99,111.28,66.02,148.87,1,-1,-1,-1
142,6158,9.58,101.56,47.08,195.01,1,-1,-1,-1
142,6157,458.32,111.50,60.74,143.23,1,-1,-1,-1
142,6147,267.96,95.03,63.89,162.78,1,-1,-1,-1
142,6131,185.57,91.89,58.13,157.01,1,-1,-1,-1
142,6126,372.54,112.26,66.78,147.92,1,-1,-1,-1
143,6158,14.05,103.36,46.35,193.08,1,-1,-1,-1
143,6157,457.19,112.23,59.95,142.75,1,-1,-1,-1
143,6147,266.65,93.35,63.13,163.06,1,-1,-1,-1
143,6131,184.80,92.25,57.99,157.70,1,-1,-1,-1
143,6126,368.09,113.58,65.52,146.83,1,-1,-1,-1
144,6159,412.46,110.78,43.44,144.18,1,-1,-1,-1
144,6158,17.48,103.47,46.03,190.81,1,-1,-1,-1
144,6157,456.04,112.56,59.16,142.44,1,-1,-1,-1
144,6147,265.78,92.73,62.53,163.29,1,-1,-1,-1
144,6131,184.38,91.84,57.74,158.03,1,-1,-1,-1
144,6126,366.60,114.12,64.51,146.01,1,-1,-1,-1
145,6159,412.77,110.13,43.77,144.49,1,-1,-1,-1
145,6158,24.10,104.61,52.10,189.28,1,-1,-1,-1
145,6157,453.08,113.59,61.09,142.65,1,-1,-1,-1
145,6147,265.63,91.82,61.82,163.65,1,-1,-1,-1
145,6131,184.67,93.21,57.26,156.67,1,-1,-1,-1
145,6126,366.27,115.07,63.32,144.88,1,-1,-1,-1
146,6159,411.09,110.30,44.53,145.42,1,-1,-1,-1
146,6158,28.26,106.97,59.05,189.05,1,-1,-1,-1
146,6157,451.08,114.49,62.57,142.81,1,-1,-1,-1
146,6147,264.88,91.27,60.58,163.58,1,-1,-1,-1
146,6131,184.59,93.57,56.92,156.57,1,-1,-1,-1
146,6126,365.20,115.03,62.43,144.21,1,-1,-1,-1
147,6162,2.35,147.47,31.76,136.67,1,-1,-1,-1
147,6159,410.32,110.78,45.73,146.09,1,-1,-1,-1
147,6158,29.72,109.57,65.85,185.02,1,-1,-1,-1
147,6157,451.00,114.49,62.95,142.97,1,-1,-1,-1
147,6147,264.52,90.92,59.19,163.76,1,-1,-1,-1
147,6131,183.69,93.48,56.91,156.28,1,-1,-1,-1
147,6126,363.83,115.53,61.34,143.43,1,-1,-1,-1
148,6162,2.53,149.74,30.87,133.57,1,-1,-1,-1
148,6159,409.71,111.55,46.88,146.37,1,-1,-1,-1
148,6158,28.37,108.94,71.80,183.83,1,-1,-1,-1
148,6157,450.02,114.30,63.50,143.35,1,-1,-1,-1
148,6147,262.86,90.90,57.98,164.42,1,-1,-1,-1
148,6131,183.37,93.38,56.92,156.56,1,-1,-1,-1
148,6126,363.43,115.01,59.86,143.29,1,-1,-1,-1
149,6162,2.50,149.86,30.89,131.29,1,-1,-1,-1
149,6159,407.65,111.70,48.47,146.87,1,-1,-1,-1
149,6158,26.07,108.28,78.13,183.98,1,-1,-1,-1
149,6157,451.33,113.27,63.99,144.81,1,-1,-1,-1
149,6147,262.16,91.05,57.00,164.51,1,-1,-1,-1
149,6131,183.28,92.61,56.69,156.68,1,-1,-1,-1
149,6126,362.05,114.58,58.52,143.33,1,-1,-1,-1
150,6159,405.29,111.36,49.57,146.55,1,-1,-1,-1
150,6158,26.70,109.00,80.34,183.75,1,-1,-1,-1
150,6157,452.05,112.35,62.99,145.97,1,-1,-1,-1
150,6147,260.90,91.59,56.38,164.04,1,-1,-1,-1
150,6131,183.24,92.78,56.82,156.96,1,-1,-1,-1
150,6126,359.94,113.93,57.36,143.17,1,-1,-1,-1
151,6159,405.27,111.12,50.33,147.57,1,-1,-1,-1
151,6158,29.64,110.53,80.95,182.81,1,-1,-1,-1
151,6157,451.97,111.51,62.55,146.69,1,-1,-1,-1
151,6147,261.02,92.14,55.96,164.23,1,-1,-1,-1
151,6131,182.95,92.08,56.99,157.48,1,-1,-1,-1
151,6126,357.32,113.45,56.13,142.62,1,-1,-1,-1
152,6159,405.60,111.41,51.29,147.95,1,-1,-1,-1
152,6158,30.65,111.91,81.26,181.58,1,-1,-1,-1
152,6157,451.50,111.18,61.30,147.64,1,-1,-1,-1
152,6147,260.68,92.07,54.93,163.22,1,-1,-1,-1
152,6131,182.48,91.25,56.95,157.86,1,-1,-1,-1
152,6126,354.32,112.99,54.99,142.48,1,-1,-1,-1
153,6159,404.29,111.26,52.99,148.47,1,-1,-1,-1
153,6158,34.90,110.44,78.29,181.53,1,-1,-1,-1
153,6157,451.21,111.28,59.61,147.20,1,-1,-1,-1
153,6147,260.39,92.12,54.82,162.71,1,-1,-1,-1
153,6131,182.83,91.25,56.64,157.38,1,-1,-1,-1
153,6126,352.04,112.61,54.00,142.41,1,-1,-1,-1
154,6159,402.51,110.29,53.76,148.62,1,-1,-1,-1
154,6158,43.02,108.62,72.93,180.58,1,-1,-1,-1
154,6157,450.85,111.59,57.68,147.28,1,-1,-1,-1
154,6147,260.37,92.27,54.23,161.79,1,-1,-1,-1
154,6131,182.41,91.85,57.07,157.47,1,-1,-1,-1
154,6126,349.88,112.57,53.15,142.32,1,-1,-1,-1
155,6159,400.13,110.07,55.26,148.61,1,-1,-1,-1
155,6158,52.90,107.83,67.24,179.81,1,-1,-1,-1
155,6157,451.55,110.01,56.19,147.68,1,-1,-1,-1
155,6147,260.16,92.72,54.04,161.11,1,-1,-1,-1
155,6131,182.40,92.23,57.27,157.34,1,-1,-1,-1
155,6126,349.51,113.02,51.75,142.07,1,-1,-1,-1
156,6159,400.23,110.10,54.68,148.15,1,-1,-1,-1
156,6158,63.08,107.24,62.31,179.27,1,-1,-1,-1
156,6157,449.79,110.61,56.10,147.99,1,-1,-1,-1
156,6147,260.48,92.28,52.98,161.51,1,-1,-1,-1
156,6131,182.25,92.20,57.42,157.68,1,-1,-1,-1
156,6126,348.08,113.09,50.91,142.07,1,-1,-1,-1
157,6159,400.53,110.54,53.95,147.61,1,-1,-1,-1
157,6158,69.88,107.75,58.94,179.31,1,-1,-1,-1
157,6157,449.07,111.60,56.25,147.76,1,-1,-1,-1
157,6147,260.76,92.91,52.24,161.13,1,-1,-1,-1
157,6131,182.90,92.29,57.32,157.66,1,-1,-1,-1
157,6126,346.65,113.48,49.44,141.81,1,-1,-1,-1
158,6159,400.35,111.10,53.24,147.01,1,-1,-1,-1
158,6158,76.19,110.30,56.24,178.76,1,-1,-1,-1
158,6157,447.86,112.39,56.53,147.43,1,-1,-1,-1
158,6147,260.81,93.13,51.62,160.91,1,-1,-1,-1
158,6131,183.20,91.31,56.95,157.47,1,-1,-1,-1
158,6126,345.51,113.34,48.50,141.81,1,-1,-1,-1
159,6159,399.73,111.42,52.90,146.66,1,-1,-1,-1
159,6158,81.04,109.59,54.17,177.53,1,-1,-1,-1
159,6157,446.79,112.04,56.60,148.10,1,-1,-1,-1
159,6147,260.66,93.75,51.08,160.34,1,-1,-1,-1
159,6131,183.55,92.33,57.02,157.20,1,-1,-1,-1
159,6126,343.97,113.13,47.71,141.58,1,-1,-1,-1
160,6159,399.82,112.13,52.49,146.57,1,-1,-1,-1
160,6158,86.54,109.74,53.42,176.56,1,-1,-1,-1
160,6157,446.00,112.01,56.76,148.92,1,-1,-1,-1
160,6147,260.79,94.41,50.51,159.99,1,-1,-1,-1
160,6131,183.73,92.47,56.92,157.53,1,-1,-1,-1
160,6126,342.88,113.19,46.61,141.49,1,-1,-1,-1
161,6159,398.70,112.18,52.84,147.16,1,-1,-1,-1
161,6158,94.38,110.64,60.30,174.73,1,-1,-1,-1
161,6157,444.43,112.30,57.15,149.53,1,-1,-1,-1
161,6147,260.98,94.05,49.99,160.41,1,-1,-1,-1
161,6131,184.00,92.80,56.81,157.27,1,-1,-1,-1
161,6126,341.86,113.68,45.93,140.57,1,-1,-1,-1
162,6159,398.28,113.22,52.77,146.43,1,-1,-1,-1
162,6158,98.76,111.39,66.67,173.94,1,-1,-1,-1
162,6157,442.52,112.29,55.94,149.39,1,-1,-1,-1
162,6147,261.65,93.72,49.29,160.29,1,-1,-1,-1
162,6131,184.47,93.64,56.34,156.04,1,-1,-1,-1
162,6126,340.38,114.93,45.82,140.21,1,-1,-1,-1
163,6159,397.46,112.47,54.12,147.33,1,-1,-1,-1
163,6158,99.91,111.93,72.11,173.30,1,-1,-1,-1
163,6157,440.07,111.98,56.22,149.01,1,-1,-1,-1
163,6147,262.22,93.24,48.47,159.52,1,-1,-1,-1
163,6131,184.18,93.45,56.41,156.10,1,-1,-1,-1
163,6126,339.19,115.38,45.69,139.67,1,-1,-1,-1
164,6159,396.58,112.93,54.22,147.14,1,-1,-1,-1
164,6158,99.24,111.34,76.53,173.69,1,-1,-1,-1
164,6157,436.59,111.35,57.17,149.35,1,-1,-1,-1
164,6147,262.76,92.44,47.89,160.68,1,-1,-1,-1
164,6131,184.42,93.22,56.29,155.82,1,-1,-1,-1
164,6126,338.09,115.52,45.81,138.92,1,-1,-1,-1
165,6159,394.64,113.11,54.78,146.94,1,-1,-1,-1
165,6158,98.57,111.17,80.36,173.94,1,-1,-1,-1
165,6157,434.99,110.01,57.80,150.79,1,-1,-1,-1
165,6147,262.86,91.15,47.93,160.54,1,-1,-1,-1
165,6131,183.96,93.50,56.57,155.96,1,-1,-1,-1
165,6126,335.74,114.96,46.70,139.34,1,-1,-1,-1
166,6159,393.29,112.50,55.43,147.14,1,-1,-1,-1
166,6158,98.56,107.88,82.58,175.57,1,-1,-1,-1
166,6157,432.88,108.97,58.27,151.63,1,-1,-1,-1
166,6147,263.62,90.02,47.45,160.18,1,-1,-1,-1
166,6131,184.24,92.82,56.03,155.82,1,-1,-1,-1
166,6126,333.40,114.35,47.16,139.72,1,-1,-1,-1
167,6159,390.78,111.15,54.85,147.90,1,-1,-1,-1
167,6158,97.84,108.61,83.41,176.33,1,-1,-1,-1
167,6157,431.69,108.55,59.27,151.98,1,-1,-1,-1
167,6147,262.95,89.71,47.68,160.06,1,-1,-1,-1
167,6131,184.85,93.91,55.83,155.42,1,-1,-1,-1
167,6126,332.06,113.53,47.16,139.79,1,-1,-1,-1
168,6159,387.82,110.77,54.20,148.82,1,-1,-1,-1
168,6158,101.11,107.38,82.23,176.93,1,-1,-1,-1
168,6157,429.76,108.07,60.33,152.75,1,-1,-1,-1
168,6147,262.91,87.99,47.04,160.12,1,-1,-1,-1
168,6131,185.13,93.67,55.57,155.06,1,-1,-1,-1
168,6126,330.55,111.38,47.56,139.89,1,-1,-1,-1
169,6159,384.98,109.39,53.33,149.62,1,-1,-1,-1
169,6158,105.79,101.32,81.37,179.45,1,-1,-1,-1
169,6157,428.16,108.06,61.35,153.82,1,-1,-1,-1
169,6147,262.79,86.90,46.52,160.53,1,-1,-1,-1
169,6131,184.67,93.66,56.09,155.28,1,-1,-1,-1
169,6126,328.39,110.64,48.19,139.13,1,-1,-1,-1
170,6159,383.57,108.80,52.63,150.59,1,-1,-1,-1
170,6158,110.73,102.36,78.59,178.99,1,-1,-1,-1
170,6157,425.42,106.99,61.33,154.13,1,-1,-1,-1
170,6147,262.33,86.55,46.24,161.33,1,-1,-1,-1
170,6131,184.88,93.23,55.94,154.91,1,-1,-1,-1
170,6126,328.30,110.44,47.88,139.58,1,-1,-1,-1
171,6159,383.02,108.75,51.89,150.44,1,-1,-1,-1
171,6158,118.65,101.08,75.49,178.33,1,-1,-1,-1
171,6157,422.85,107.70,62.78,154.10,1,-1,-1,-1
171,6147,261.85,86.63,46.27,161.85,1,-1,-1,-1
171,6131,185.65,93.02,55.51,154.63,1,-1,-1,-1
171,6126,327.78,110.17,47.83,139.69,1,-1,-1,-1
172,6159,380.93,108.79,51.77,150.62,1,-1,-1,-1
172,6158,126.00,101.52,69.30,178.08,1,-1,-1,-1
172,6157,422.16,107.92,62.56,154.94,1,-1,-1,-1
172,6147,261.41,87.50,46.34,161.84,1,-1,-1,-1
172,6131,185.51,93.48,55.38,154.14,1,-1,-1,-1
172,6126,327.98,110.21,47.52,139.15,1,-1,-1,-1
173,6159,379.14,109.17,52.17,150.72,1,-1,-1,-1
173,6158,133.63,97.82,63.61,179.08,1,-1,-1,-1
173,6157,422.43,108.67,62.64,154.57,1,-1,-1,-1
173,6147,260.38,87.30,46.07,162.09,1,-1,-1,-1
173,6131,185.74,93.05,55.29,154.34,1,-1,-1,-1
173,6126,327.97,109.97,47.97,138.85,1,-1,-1,-1
174,6159,376.53,109.73,52.54,151.11,1,-1,-1,-1
174,6158,140.28,95.26,61.20,180.50,1,-1,-1,-1
174,6157,422.68,109.84,61.80,154.49,1,-1,-1,-1
174,6147,260.53,87.23,45.54,162.71,1,-1,-1,-1
174,6131,186.64,93.48,54.92,154.58,1,-1,-1,-1
174,6126,327.86,109.80,47.74,138.92,1,-1,-1,-1
175,6159,375.47,110.51,52.58,150.86,1,-1,-1,-1
175,6158,144.43,99.03,58.35,179.17,1,-1,-1,-1
175,6157,421.99,110.47,61.26,154.52,1,-1,-1,-1
175,6147,260.02,87.01,44.96,162.93,1,-1,-1,-1
175,6131,187.77,93.25,54.08,154.47,1,-1,-1,-1
175,6126,326.91,108.82,47.59,140.33,1,-1,-1,-1
176,6159,372.25,110.80,53.17,150.85,1,-1,-1,-1
176,6158,148.52,101.79,57.03,177.56,1,-1,-1,-1
176,6157,419.59,110.37,61.92,154.40,1,-1,-1,-1
176,6147,259.98,87.62,44.90,162.26,1,-1,-1,-1
176,6131,188.30,93.16,53.60,154.26,1,-1,-1,-1
176,6126,325.68,109.05,47.92,140.08,1,-1,-1,-1
177,6159,371.04,111.99,53.34,150.21,1,-1,-1,-1
177,6158,152.92,103.23,57.35,177.29,1,-1,-1,-1
177,6157,418.61,110.17,62.30,155.32,1,-1,-1,-1
177,6147,259.98,87.64,44.41,162.24,1,-1,-1,-1
177,6131,190.07,93.42,52.08,154.24,1,-1,-1,-1
177,6126,322.69,109.18,48.66,140.30,1,-1,-1,-1
178,6159,370.68,112.44,52.91,149.71,1,-1,-1,-1
178,6158,155.19,102.68,59.27,178.07,1,-1,-1,-1
178,6157,416.18,109.47,62.77,155.33,1,-1,-1,-1
178,6147,260.20,87.45,43.82,161.82,1,-1,-1,-1
178,6131,193.81,93.42,49.53,154.07,1,-1,-1,-1
178,6126,319.37,109.30,49.48,139.98,1,-1,-1,-1
179,6159,366.79,112.10,54.15,150.30,1,-1,-1,-1
179,6158,155.90,103.66,63.24,176.42,1,-1,-1,-1
179,6157,414.56,108.82,62.22,155.55,1,-1,-1,-1
179,6147,260.03,88.88,43.70,161.25,1,-1,-1,-1
179,6131,195.76,94.02,47.43,153.56,1,-1,-1,-1
179,6126,317.83,108.92,49.46,140.14,1,-1,-1,-1
