1,4781,510.40,169.06,9.21,22.13,1,-1,-1,-1
1,4780,519.47,171.73,11.26,24.79,1,-1,-1,-1
1,4779,792.15,170.62,15.50,39.72,1,-1,-1,-1
1,4778,438.39,170.61,9.26,24.33,1,-1,-1,-1
1,4777,607.99,171.50,6.66,13.14,1,-1,-1,-1
1,4776,678.94,172.90,8.70,19.37,1,-1,-1,-1
1,4775,709.09,174.74,15.87,32.49,1,-1,-1,-1
1,4774,747.19,167.90,15.79,42.47,1,-1,-1,-1
1,4773,763.40,171.03,16.14,40.34,1,-1,-1,-1
2,4789,495.88,171.20,8.63,18.18,1,-1,-1,-1
2,4788,443.16,175.78,6.84,13.54,1,-1,-1,-1
2,4787,783.88,188.47,10.98,18.39,1,-1,-1,-1
2,4786,431.41,172.03,10.98,24.81,1,-1,-1,-1
2,4785,742.54,169.48,8.25,24.37,1,-1,-1,-1
2,4784,732.93,175.16,9.14,23.88,1,-1,-1,-1
2,4783,604.02,171.53,6.25,13.73,1,-1,-1,-1
2,4782,503.65,169.05,10.90,25.91,1,-1,-1,-1
2,4780,516.86,170.82,12.42,26.72,1,-1,-1,-1
2,4776,677.13,172.59,7.92,19.19,1,-1,-1,-1
2,4775,709.47,174.53,15.19,31.90,1,-1,-1,-1
2,4774,748.74,168.31,15.65,42.84,1,-1,-1,-1
2,4773,764.54,172.96,15.06,38.63,1,-1,-1,-1
3,4793,522.96,170.83,6.95,21.76,1,-1,-1,-1
3,4792,612.04,170.16,6.49,11.60,1,-1,-1,-1
3,4791,575.14,170.67,8.25,17.20,1,-1,-1,-1
3,4790,699.12,173.31,7.96,25.73,1,-1,-1,-1
3,4785,741.91,170.94,8.79,23.29,1,-1,-1,-1
3,4782,500.97,171.41,8.48,20.20,1,-1,-1,-1
3,4780,512.48,170.06,12.81,27.79,1,-1,-1,-1
3,4779,796.26,172.73,18.32,39.65,1,-1,-1,-1
3,4775,708.28,174.67,15.19,32.17,1,-1,-1,-1
3,4774,749.33,169.87,16.47,43.28,1,-1,-1,-1
3,4773,766.09,171.19,15.72,40.42,1,-1,-1,-1
4,4780,507.37,169.97,12.60,26.87,1,-1,-1,-1
4,4775,706.73,174.90,16.51,34.39,1,-1,-1,-1
4,4774,750.02,169.03,17.02,44.23,1,-1,-1,-1
4,4773,766.00,169.28,17.38,43.11,1,-1,-1,-1
5,4785,740.77,167.93,10.15,25.85,1,-1,-1,-1
5,4780,502.66,168.66,13.19,27.31,1,-1,-1,-1
5,4774,751.47,168.19,17.35,45.21,1,-1,-1,-1
5,4773,768.53,167.74,18.81,46.04,1,-1,-1,-1
6,4785,739.39,167.06,10.29,26.53,1,-1,-1,-1
6,4780,498.76,169.08,13.68,27.93,1,-1,-1,-1
6,4774,752.38,167.19,18.04,47.31,1,-1,-1,-1
6,4773,770.04,167.58,19.45,47.88,1,-1,-1,-1
7,4785,739.03,166.10,11.11,27.54,1,-1,-1,-1
7,4780,494.11,168.80,13.07,28.16,1,-1,-1,-1
7,4774,753.59,165.79,19.19,49.66,1,-1,-1,-1
7,4773,773.16,168.16,19.42,48.09,1,-1,-1,-1
8,4785,738.20,166.08,11.05,27.54,1,-1,-1,-1
8,4784,728.88,168.36,10.53,28.50,1,-1,-1,-1
8,4780,490.79,168.89,13.10,29.41,1,-1,-1,-1
8,4776,666.37,168.22,8.03,22.01,1,-1,-1,-1
8,4774,756.37,165.39,20.04,51.35,1,-1,-1,-1
8,4773,777.40,168.73,19.06,48.50,1,-1,-1,-1
9,4785,738.04,167.38,10.68,26.54,1,-1,-1,-1
9,4784,729.41,168.94,10.35,28.80,1,-1,-1,-1
9,4780,486.35,169.91,12.83,29.48,1,-1,-1,-1
9,4776,664.50,169.88,7.76,21.48,1,-1,-1,-1
9,4774,758.12,166.17,20.40,52.02,1,-1,-1,-1
9,4773,781.59,167.61,20.00,50.16,1,-1,-1,-1
10,4785,737.79,166.72,10.56,26.25,1,-1,-1,-1
10,4784,726.68,168.13,10.99,30.24,1,-1,-1,-1
10,4780,482.49,169.74,12.16,29.39,1,-1,-1,-1
10,4776,663.69,168.84,7.41,21.11,1,-1,-1,-1
10,4774,761.78,165.77,21.02,52.78,1,-1,-1,-1
10,4773,785.55,166.37,20.83,52.06,1,-1,-1,-1
11,4807,457.85,167.49,11.04,26.25,1,-1,-1,-1
11,4785,738.21,165.79,10.48,25.99,1,-1,-1,-1
11,4784,726.05,166.04,11.65,31.95,1,-1,-1,-1
11,4780,479.59,169.56,12.46,30.58,1,-1,-1,-1
11,4776,662.91,167.05,7.60,21.48,1,-1,-1,-1
11,4774,766.29,164.05,21.41,54.53,1,-1,-1,-1
11,4773,790.71,165.38,21.81,54.11,1,-1,-1,-1
12,4807,453.72,167.19,11.01,27.43,1,-1,-1,-1
12,4785,739.50,164.43,10.43,26.12,1,-1,-1,-1
12,4784,726.90,167.31,12.19,33.00,1,-1,-1,-1
12,4780,476.44,169.92,12.20,30.06,1,-1,-1,-1
12,4776,662.82,166.59,7.85,21.72,1,-1,-1,-1
12,4774,770.93,161.14,22.91,58.24,1,-1,-1,-1
12,4773,797.28,164.69,22.17,55.25,1,-1,-1,-1
13,4813,566.92,166.54,7.92,17.92,1,-1,-1,-1
13,4807,449.41,166.62,11.70,28.65,1,-1,-1,-1
13,4785,740.92,164.82,10.46,26.49,1,-1,-1,-1
13,4780,474.02,170.54,11.85,29.54,1,-1,-1,-1
13,4774,776.64,158.48,25.08,62.25,1,-1,-1,-1
13,4773,804.40,164.33,23.31,57.23,1,-1,-1,-1
14,4807,445.80,165.85,11.40,29.38,1,-1,-1,-1
14,4785,743.54,166.39,10.17,26.15,1,-1,-1,-1
14,4780,471.67,170.46,12.58,30.63,1,-1,-1,-1
14,4774,781.90,159.03,26.68,64.61,1,-1,-1,-1
14,4773,812.10,163.97,23.98,59.63,1,-1,-1,-1
15,4807,442.66,168.42,11.36,29.12,1,-1,-1,-1
15,4785,742.14,170.21,10.15,27.41,1,-1,-1,-1
15,4780,469.42,170.71,13.03,32.61,1,-1,-1,-1
15,4774,788.54,160.44,28.57,67.91,1,-1,-1,-1
15,4773,821.17,165.44,24.38,61.47,1,-1,-1,-1
16,4807,438.92,170.02,11.88,30.73,1,-1,-1,-1
16,4780,466.58,174.01,13.42,32.93,1,-1,-1,-1
16,4774,797.36,164.25,29.63,68.81,1,-1,-1,-1
16,4773,831.92,167.28,24.19,63.81,1,-1,-1,-1
17,4825,670.48,174.35,6.64,19.88,1,-1,-1,-1
17,4822,140.95,172.45,27.93,60.48,1,-1,-1,-1
17,4807,436.16,172.14,11.28,30.87,1,-1,-1,-1
17,4780,465.04,175.47,13.90,33.92,1,-1,-1,-1
17,4774,807.15,166.79,30.28,70.40,1,-1,-1,-1
17,4773,843.79,169.72,24.74,67.08,1,-1,-1,-1
18,4829,755.26,172.88,9.08,26.38,1,-1,-1,-1
18,4827,428.41,176.75,9.90,24.48,1,-1,-1,-1
18,4825,671.83,173.77,7.39,21.72,1,-1,-1,-1
18,4822,123.62,168.67,28.11,63.26,1,-1,-1,-1
18,4807,432.76,172.00,11.24,30.73,1,-1,-1,-1
18,4780,463.45,175.64,14.25,34.38,1,-1,-1,-1
18,4774,819.51,168.02,31.21,73.09,1,-1,-1,-1
18,4773,856.32,170.58,26.02,70.64,1,-1,-1,-1
19,4825,673.81,173.04,7.20,21.65,1,-1,-1,-1
19,4824,502.91,172.71,8.93,26.27,1,-1,-1,-1
19,4822,105.09,168.25,27.70,63.52,1,-1,-1,-1
19,4807,429.01,170.89,11.80,31.83,1,-1,-1,-1
19,4780,461.40,173.52,14.12,35.67,1,-1,-1,-1
19,4774,831.90,168.01,32.18,75.46,1,-1,-1,-1
19,4773,871.48,170.51,27.95,73.71,1,-1,-1,-1
20,4825,675.42,172.12,6.96,20.64,1,-1,-1,-1
20,4822,85.66,165.73,27.83,65.62,1,-1,-1,-1
20,4807,425.11,170.30,11.74,31.44,1,-1,-1,-1
20,4780,459.48,171.88,14.01,36.62,1,-1,-1,-1
20,4774,847.24,166.16,33.56,79.08,1,-1,-1,-1
20,4773,887.28,168.74,29.12,76.83,1,-1,-1,-1
21,4822,64.20,163.74,28.41,67.66,1,-1,-1,-1
21,4807,420.82,167.21,11.79,32.32,1,-1,-1,-1
21,4780,456.18,170.20,14.62,36.99,1,-1,-1,-1
21,4774,862.56,163.05,34.95,83.47,1,-1,-1,-1
21,4773,902.89,164.53,30.50,81.10,1,-1,-1,-1
22,4822,40.17,162.57,29.09,70.10,1,-1,-1,-1
22,4807,415.83,165.15,12.30,33.14,1,-1,-1,-1
22,4780,452.97,168.26,15.30,38.12,1,-1,-1,-1
22,4774,878.91,160.55,35.36,87.13,1,-1,-1,-1
22,4773,920.11,162.26,32.94,85.46,1,-1,-1,-1
23,4822,15.35,165.06,29.82,71.89,1,-1,-1,-1
23,4807,410.74,164.20,13.50,34.86,1,-1,-1,-1
23,4780,449.17,167.59,15.80,39.69,1,-1,-1,-1
23,4774,897.14,157.99,37.49,92.99,1,-1,-1,-1
24,4839,550.17,165.51,10.70,27.19,1,-1,-1,-1
24,4822,-2.46,175.32,24.29,69.51,1,-1,-1,-1
24,4807,405.32,168.70,14.30,35.48,1,-1,-1,-1
24,4780,446.02,171.89,15.82,40.51,1,-1,-1,-1
25,4807,399.52,173.13,14.93,35.74,1,-1,-1,-1
25,4780,442.37,175.68,15.89,40.86,1,-1,-1,-1
26,4807,393.18,175.11,15.47,37.27,1,-1,-1,-1
26,4780,438.17,179.33,16.52,40.99,1,-1,-1,-1
27,4843,684.00,170.60,8.47,26.84,1,-1,-1,-1
27,4807,387.17,174.27,15.77,38.41,1,-1,-1,-1
27,4780,434.08,178.57,17.15,43.07,1,-1,-1,-1
28,4843,685.49,171.57,8.06,24.19,1,-1,-1,-1
28,4807,380.13,171.52,15.77,40.01,1,-1,-1,-1
28,4780,430.62,176.21,17.06,43.34,1,-1,-1,-1
29,4843,686.70,168.08,8.61,25.57,1,-1,-1,-1
29,4807,372.44,169.85,15.97,41.28,1,-1,-1,-1
29,4780,426.40,174.75,17.04,44.60,1,-1,-1,-1
30,4853,351.45,179.81,8.38,19.54,1,-1,-1,-1
30,4843,687.94,168.62,8.43,25.34,1,-1,-1,-1
30,4807,366.26,169.61,15.67,40.55,1,-1,-1,-1
30,4780,421.10,175.55,17.95,45.90,1,-1,-1,-1
31,4853,346.56,180.68,8.35,20.49,1,-1,-1,-1
31,4843,689.71,171.62,8.61,24.94,1,-1,-1,-1
31,4807,357.31,171.50,17.76,42.63,1,-1,-1,-1
31,4780,414.57,176.32,18.85,47.23,1,-1,-1,-1
32,4853,341.21,180.59,8.38,20.85,1,-1,-1,-1
32,4843,691.49,171.88,8.33,25.30,1,-1,-1,-1
32,4807,347.84,172.90,18.41,43.86,1,-1,-1,-1
32,4780,409.01,178.47,19.77,48.30,1,-1,-1,-1
33,4843,692.63,172.01,8.48,25.26,1,-1,-1,-1
33,4807,337.95,172.43,19.10,45.47,1,-1,-1,-1
33,4780,402.17,178.67,20.74,49.40,1,-1,-1,-1
34,4843,694.30,170.48,8.34,24.72,1,-1,-1,-1
34,4807,326.92,169.55,20.12,46.73,1,-1,-1,-1
34,4780,395.81,177.11,21.08,49.83,1,-1,-1,-1
35,4843,695.42,168.12,8.77,25.66,1,-1,-1,-1
35,4807,315.73,167.06,20.97,48.26,1,-1,-1,-1
35,4780,388.31,174.43,21.86,51.70,1,-1,-1,-1
36,4883,543.26,165.34,8.76,25.42,1,-1,-1,-1
36,4843,696.83,166.97,9.08,26.33,1,-1,-1,-1
36,4807,305.14,166.90,21.66,49.27,1,-1,-1,-1
36,4780,381.53,173.08,21.74,53.65,1,-1,-1,-1
37,4843,698.75,166.13,9.60,26.81,1,-1,-1,-1
37,4807,294.60,167.68,21.95,50.56,1,-1,-1,-1
37,4780,373.40,174.73,21.94,55.30,1,-1,-1,-1
38,4807,282.49,168.92,21.50,51.97,1,-1,-1,-1
38,4780,364.22,176.67,22.51,57.12,1,-1,-1,-1
39,4894,483.91,169.06,13.82,35.42,1,-1,-1,-1
39,4892,727.98,173.13,9.75,28.89,1,-1,-1,-1
39,4807,269.19,169.02,20.86,53.75,1,-1,-1,-1
39,4780,353.76,177.83,23.73,59.70,1,-1,-1,-1
40,4894,481.38,167.62,14.47,38.06,1,-1,-1,-1
40,4892,730.87,174.70,9.52,28.10,1,-1,-1,-1
40,4807,255.12,169.00,20.95,55.28,1,-1,-1,-1
40,4780,343.36,178.29,24.26,61.70,1,-1,-1,-1
41,4894,479.00,166.08,14.87,38.50,1,-1,-1,-1
41,4892,731.85,175.14,9.79,27.77,1,-1,-1,-1
41,4807,238.50,168.80,22.80,57.71,1,-1,-1,-1
41,4780,330.89,177.96,25.28,64.66,1,-1,-1,-1
42,4894,475.69,166.92,14.28,37.95,1,-1,-1,-1
42,4892,734.47,172.79,11.28,31.27,1,-1,-1,-1
42,4884,455.22,171.20,16.47,43.57,1,-1,-1,-1
42,4807,221.87,168.41,25.17,59.76,1,-1,-1,-1
42,4780,317.50,178.41,26.86,67.12,1,-1,-1,-1
43,4892,735.53,171.47,11.47,31.60,1,-1,-1,-1
43,4884,450.35,169.32,16.56,45.68,1,-1,-1,-1
43,4807,203.70,169.06,25.72,61.79,1,-1,-1,-1
43,4780,301.40,179.73,29.30,70.27,1,-1,-1,-1
44,4884,444.80,169.03,17.29,48.07,1,-1,-1,-1
44,4780,285.37,181.14,31.07,73.34,1,-1,-1,-1
45,4915,468.77,169.48,14.57,37.03,1,-1,-1,-1
45,4913,709.72,167.74,10.48,36.50,1,-1,-1,-1
45,4884,438.86,169.13,16.88,49.77,1,-1,-1,-1
45,4780,268.27,182.50,32.42,76.62,1,-1,-1,-1
46,4915,465.38,168.95,16.44,40.86,1,-1,-1,-1
46,4913,710.26,166.71,11.51,38.89,1,-1,-1,-1
46,4884,432.39,168.20,17.60,52.71,1,-1,-1,-1
46,4780,247.07,184.10,34.92,80.91,1,-1,-1,-1
47,4918,752.62,174.44,10.61,28.94,1,-1,-1,-1
47,4915,460.46,167.93,17.43,43.58,1,-1,-1,-1
47,4913,711.55,170.22,11.49,36.98,1,-1,-1,-1
47,4884,426.38,168.62,18.33,54.81,1,-1,-1,-1
47,4780,224.80,183.78,37.36,86.13,1,-1,-1,-1
48,4934,444.42,173.95,12.87,28.51,1,-1,-1,-1
48,4932,892.88,164.39,19.17,35.58,1,-1,-1,-1
48,4915,458.67,168.27,17.30,44.00,1,-1,-1,-1
48,4913,712.87,174.42,10.69,33.54,1,-1,-1,-1
48,4884,418.60,167.81,19.07,57.49,1,-1,-1,-1
48,4780,200.59,184.50,38.91,91.21,1,-1,-1,-1
49,4915,454.35,167.37,16.89,43.43,1,-1,-1,-1
49,4913,714.54,174.50,10.88,33.64,1,-1,-1,-1
49,4884,411.76,166.66,19.62,59.74,1,-1,-1,-1
49,4780,172.95,183.42,42.50,97.66,1,-1,-1,-1
50,4915,449.28,167.57,17.49,44.82,1,-1,-1,-1
50,4913,716.00,175.41,10.94,33.05,1,-1,-1,-1
50,4884,403.06,166.00,20.61,62.11,1,-1,-1,-1
51,4949,235.82,185.56,21.07,39.85,1,-1,-1,-1
51,4948,736.61,176.45,10.43,27.47,1,-1,-1,-1
51,4915,444.80,166.62,18.30,46.25,1,-1,-1,-1
51,4913,716.65,173.59,11.36,35.11,1,-1,-1,-1
51,4884,395.04,165.27,22.17,65.15,1,-1,-1,-1
52,4949,221.73,189.29,21.22,41.32,1,-1,-1,-1
52,4948,738.04,177.85,10.14,27.37,1,-1,-1,-1
52,4944,491.52,177.82,9.27,23.00,1,-1,-1,-1
52,4934,425.52,179.85,13.47,27.12,1,-1,-1,-1
52,4915,439.47,168.36,17.73,46.72,1,-1,-1,-1
52,4913,717.85,174.37,11.43,36.26,1,-1,-1,-1
52,4884,383.99,166.32,23.42,67.70,1,-1,-1,-1
53,4966,477.21,174.45,10.21,27.04,1,-1,-1,-1
53,4949,207.02,190.29,21.88,43.46,1,-1,-1,-1
53,4948,738.82,177.44,11.55,30.05,1,-1,-1,-1
53,4934,420.32,181.07,13.98,26.76,1,-1,-1,-1
53,4915,435.60,169.09,17.34,46.40,1,-1,-1,-1
53,4913,719.32,172.17,11.76,38.76,1,-1,-1,-1
53,4884,373.84,166.54,25.78,70.96,1,-1,-1,-1
54,4970,447.23,173.87,9.42,32.65,1,-1,-1,-1
54,4966,472.59,174.07,10.43,27.42,1,-1,-1,-1
54,4949,192.29,190.46,21.41,44.91,1,-1,-1,-1
54,4948,740.44,181.75,10.72,28.11,1,-1,-1,-1
54,4937,729.78,167.93,13.67,40.92,1,-1,-1,-1
54,4934,415.42,182.22,15.35,27.93,1,-1,-1,-1
54,4915,432.48,169.77,16.74,46.28,1,-1,-1,-1
54,4913,720.73,171.51,12.62,41.73,1,-1,-1,-1
54,4884,363.57,166.19,27.03,73.67,1,-1,-1,-1
55,4981,295.99,181.23,27.74,50.38,1,-1,-1,-1
55,4970,443.82,173.00,10.45,33.64,1,-1,-1,-1
55,4966,469.05,173.64,10.09,27.47,1,-1,-1,-1
55,4949,173.75,191.96,22.30,47.34,1,-1,-1,-1
55,4948,743.25,180.94,10.93,28.79,1,-1,-1,-1
55,4937,731.07,166.43,14.56,43.47,1,-1,-1,-1
55,4934,410.19,183.20,15.30,27.19,1,-1,-1,-1
55,4915,427.60,169.08,16.69,46.01,1,-1,-1,-1
55,4913,722.19,170.83,13.14,42.18,1,-1,-1,-1
55,4884,352.60,166.17,27.35,76.50,1,-1,-1,-1
56,4970,439.20,172.95,11.06,34.55,1,-1,-1,-1
56,4966,464.35,175.20,9.90,27.48,1,-1,-1,-1
56,4950,488.12,168.73,16.55,41.26,1,-1,-1,-1
56,4949,157.54,192.10,22.74,49.50,1,-1,-1,-1
56,4948,744.03,179.71,11.92,30.23,1,-1,-1,-1
56,4937,732.62,167.36,13.46,43.31,1,-1,-1,-1
56,4934,405.24,183.78,16.66,27.96,1,-1,-1,-1
56,4915,422.93,169.74,16.96,47.17,1,-1,-1,-1
56,4913,723.57,169.19,13.31,44.48,1,-1,-1,-1
56,4884,340.37,166.42,27.58,79.62,1,-1,-1,-1
57,4989,754.53,181.09,11.36,31.13,1,-1,-1,-1
57,4970,434.75,172.34,12.00,35.02,1,-1,-1,-1
57,4966,458.04,175.68,10.59,28.77,1,-1,-1,-1
57,4950,482.37,170.19,17.38,42.98,1,-1,-1,-1
57,4949,137.42,192.76,23.97,52.89,1,-1,-1,-1
57,4948,744.25,179.14,12.82,31.66,1,-1,-1,-1
57,4934,398.93,184.13,17.16,28.04,1,-1,-1,-1
57,4915,417.18,169.83,17.70,49.51,1,-1,-1,-1
57,4913,724.39,170.56,13.82,44.77,1,-1,-1,-1
57,4884,325.38,167.34,29.34,82.46,1,-1,-1,-1
58,4994,770.16,167.21,23.73,60.00,1,-1,-1,-1
58,4989,756.17,179.58,12.90,34.11,1,-1,-1,-1
58,4970,430.32,172.65,12.21,34.89,1,-1,-1,-1
58,4966,449.34,176.29,11.60,29.50,1,-1,-1,-1
58,4950,477.61,171.27,17.57,43.80,1,-1,-1,-1
58,4948,747.26,180.63,11.47,30.75,1,-1,-1,-1
58,4934,391.46,184.90,18.07,28.80,1,-1,-1,-1
58,4915,411.98,169.59,18.11,51.01,1,-1,-1,-1
58,4913,724.96,170.19,14.62,46.94,1,-1,-1,-1
58,4884,309.81,167.33,31.01,85.82,1,-1,-1,-1
59,4994,773.35,166.49,24.18,61.99,1,-1,-1,-1
59,4989,759.74,178.80,13.74,36.23,1,-1,-1,-1
59,4981,264.24,185.84,24.50,50.13,1,-1,-1,-1
59,4970,425.83,173.28,12.15,34.07,1,-1,-1,-1
59,4966,446.60,177.49,12.44,29.41,1,-1,-1,-1
59,4950,472.12,171.18,18.02,45.19,1,-1,-1,-1
59,4948,749.46,179.98,12.94,32.75,1,-1,-1,-1
59,4934,384.23,185.39,18.31,28.71,1,-1,-1,-1
59,4915,405.02,169.83,18.00,51.93,1,-1,-1,-1
59,4913,725.58,169.06,16.27,49.73,1,-1,-1,-1
59,4884,291.56,167.85,31.99,89.15,1,-1,-1,-1
60,4989,761.66,181.90,13.72,35.47,1,-1,-1,-1
60,4970,422.44,173.78,11.86,33.17,1,-1,-1,-1
60,4966,443.51,175.10,12.33,30.67,1,-1,-1,-1
60,4950,465.65,172.14,18.20,45.93,1,-1,-1,-1
60,4948,752.09,181.33,12.52,32.51,1,-1,-1,-1
60,4934,376.10,185.26,18.84,29.73,1,-1,-1,-1
60,4915,397.96,170.50,18.04,52.70,1,-1,-1,-1
60,4913,725.55,167.40,17.63,52.94,1,-1,-1,-1
60,4884,275.34,168.11,32.68,93.39,1,-1,-1,-1
61,4989,763.86,182.93,14.56,35.95,1,-1,-1,-1
61,4970,416.02,173.17,12.19,33.86,1,-1,-1,-1
61,4966,439.16,175.34,12.24,31.45,1,-1,-1,-1
61,4950,460.61,171.98,17.78,45.67,1,-1,-1,-1
61,4948,753.34,180.92,13.04,33.37,1,-1,-1,-1
61,4934,367.47,185.78,19.99,30.72,1,-1,-1,-1
61,4915,390.33,170.55,19.36,53.16,1,-1,-1,-1
61,4913,726.18,166.05,19.88,56.44,1,-1,-1,-1
61,4884,252.62,168.35,36.28,98.67,1,-1,-1,-1
62,4989,766.14,182.79,14.00,36.43,1,-1,-1,-1
62,4970,410.06,174.47,13.01,32.81,1,-1,-1,-1
62,4966,432.67,173.30,12.88,33.08,1,-1,-1,-1
62,4950,453.26,171.60,18.66,48.21,1,-1,-1,-1
62,4948,754.50,181.32,13.40,34.29,1,-1,-1,-1
62,4934,357.25,185.92,20.15,31.89,1,-1,-1,-1
62,4915,381.30,170.28,19.97,55.08,1,-1,-1,-1
62,4913,728.99,165.55,21.17,58.79,1,-1,-1,-1
62,4884,228.80,168.14,39.17,103.40,1,-1,-1,-1
63,5018,584.93,169.50,11.49,30.97,1,-1,-1,-1
63,5004,564.80,171.05,12.08,29.63,1,-1,-1,-1
63,4989,766.53,183.08,13.94,37.42,1,-1,-1,-1
63,4966,425.23,173.56,13.10,34.77,1,-1,-1,-1
63,4950,446.56,172.61,18.39,48.82,1,-1,-1,-1
63,4948,755.09,182.57,13.81,35.17,1,-1,-1,-1
63,4934,348.68,186.37,19.70,32.16,1,-1,-1,-1
63,4915,373.66,170.13,20.78,57.62,1,-1,-1,-1
63,4913,731.18,165.58,21.95,60.86,1,-1,-1,-1
63,4884,202.82,168.06,41.41,108.48,1,-1,-1,-1
64,5025,873.74,167.93,31.72,69.97,1,-1,-1,-1
64,5018,580.48,171.52,10.85,29.24,1,-1,-1,-1
64,5013,850.68,174.13,18.53,43.96,1,-1,-1,-1
64,5004,559.04,170.58,13.32,31.71,1,-1,-1,-1
64,4950,439.45,173.70,18.66,49.75,1,-1,-1,-1
64,4948,755.16,182.77,14.91,36.96,1,-1,-1,-1
64,4934,338.75,187.98,20.31,32.88,1,-1,-1,-1
64,4915,365.85,169.18,22.00,59.52,1,-1,-1,-1
64,4913,732.95,164.89,22.39,62.84,1,-1,-1,-1
64,4884,174.18,166.44,44.08,116.05,1,-1,-1,-1
65,5034,771.54,173.99,24.14,53.45,1,-1,-1,-1
65,5025,881.72,167.19,32.19,73.17,1,-1,-1,-1
65,5013,853.93,174.70,18.68,43.43,1,-1,-1,-1
65,4948,758.35,182.87,14.80,37.84,1,-1,-1,-1
65,4934,329.95,187.20,20.31,32.91,1,-1,-1,-1
65,4915,356.49,167.76,23.02,61.81,1,-1,-1,-1
65,4913,733.82,164.04,22.28,65.13,1,-1,-1,-1
66,5034,775.89,182.04,25.32,46.43,1,-1,-1,-1
66,5025,890.95,166.99,32.41,74.86,1,-1,-1,-1
66,4948,758.98,178.57,15.90,40.91,1,-1,-1,-1
66,4934,319.30,185.99,20.30,33.37,1,-1,-1,-1
66,4915,347.55,166.67,24.35,63.78,1,-1,-1,-1
66,4913,737.35,162.10,22.60,66.70,1,-1,-1,-1
67,5047,886.80,163.09,22.13,76.61,1,-1,-1,-1
67,5034,776.59,177.82,23.77,47.39,1,-1,-1,-1
67,5025,901.96,163.94,32.98,78.14,1,-1,-1,-1
67,4948,761.25,176.98,15.24,41.84,1,-1,-1,-1
67,4934,308.57,184.45,23.12,34.61,1,-1,-1,-1
67,4915,337.70,165.77,26.63,65.78,1,-1,-1,-1
67,4913,738.14,160.28,23.24,68.44,1,-1,-1,-1
68,5047,895.28,160.20,23.83,80.36,1,-1,-1,-1
68,5034,777.45,176.23,22.31,48.13,1,-1,-1,-1
68,5025,912.96,163.02,33.34,80.95,1,-1,-1,-1
68,4948,763.87,177.33,15.18,42.57,1,-1,-1,-1
68,4934,297.01,185.54,23.20,35.75,1,-1,-1,-1
68,4915,327.31,166.41,27.40,66.09,1,-1,-1,-1
68,4913,740.60,159.64,24.00,71.06,1,-1,-1,-1
69,5047,904.98,161.07,25.29,83.10,1,-1,-1,-1
69,5034,777.95,176.76,21.80,49.38,1,-1,-1,-1
69,5025,925.56,164.51,34.20,84.14,1,-1,-1,-1
69,4948,764.84,180.30,15.43,42.77,1,-1,-1,-1
69,4934,285.82,186.35,24.15,36.74,1,-1,-1,-1
69,4915,316.15,166.95,26.98,67.24,1,-1,-1,-1
69,4913,744.70,159.09,25.14,75.16,1,-1,-1,-1
70,5047,915.70,161.99,27.85,86.94,1,-1,-1,-1
70,5025,939.57,166.47,34.46,87.22,1,-1,-1,-1
70,4948,767.16,181.76,15.34,43.54,1,-1,-1,-1
70,4934,273.04,188.62,26.06,38.18,1,-1,-1,-1
70,4915,301.96,167.41,26.89,69.93,1,-1,-1,-1
70,4913,748.63,159.34,27.59,77.99,1,-1,-1,-1
71,5078,369.21,172.99,21.11,66.09,1,-1,-1,-1
71,5047,926.98,163.15,30.17,90.66,1,-1,-1,-1
71,5025,953.02,167.73,35.40,91.62,1,-1,-1,-1
71,4948,771.78,184.24,15.16,45.03,1,-1,-1,-1
71,4934,258.93,190.97,27.95,40.78,1,-1,-1,-1
71,4915,287.24,169.76,29.28,72.08,1,-1,-1,-1
71,4913,751.81,161.37,28.42,81.41,1,-1,-1,-1
72,5078,352.96,172.71,24.15,72.07,1,-1,-1,-1
72,5047,939.88,164.30,32.41,94.23,1,-1,-1,-1
72,5025,967.81,168.75,35.17,95.48,1,-1,-1,-1
72,4934,244.83,192.53,27.33,41.45,1,-1,-1,-1
72,4915,273.69,171.35,30.23,74.77,1,-1,-1,-1
72,4913,754.45,161.29,29.02,84.89,1,-1,-1,-1
73,5078,338.55,170.00,26.67,77.47,1,-1,-1,-1
73,5047,956.21,164.44,34.30,98.05,1,-1,-1,-1
73,5025,985.44,168.30,36.32,100.16,1,-1,-1,-1
73,4934,230.50,193.28,28.00,42.60,1,-1,-1,-1
73,4915,260.79,171.89,30.05,76.94,1,-1,-1,-1
73,4913,760.48,161.15,30.52,88.78,1,-1,-1,-1
74,5105,817.71,185.69,37.37,59.00,1,-1,-1,-1
74,5078,325.03,170.38,27.40,79.33,1,-1,-1,-1
74,5047,976.39,165.09,34.99,101.51,1,-1,-1,-1
74,5025,1005.02,166.90,39.30,106.82,1,-1,-1,-1
74,4934,213.25,194.56,28.58,43.95,1,-1,-1,-1
74,4915,246.78,171.17,30.93,79.78,1,-1,-1,-1
74,4913,763.85,161.32,31.15,92.11,1,-1,-1,-1
75,5105,832.57,187.80,33.85,58.55,1,-1,-1,-1
75,5078,308.76,170.34,27.88,82.24,1,-1,-1,-1
75,5047,1000.75,165.38,32.74,102.43,1,-1,-1,-1
75,5025,1026.04,165.27,44.70,114.12,1,-1,-1,-1
75,4934,197.03,195.43,30.14,44.97,1,-1,-1,-1
75,4915,231.37,171.19,31.86,82.44,1,-1,-1,-1
75,4913,769.38,159.41,32.97,95.83,1,-1,-1,-1
76,5120,825.74,169.15,16.29,32.22,1,-1,-1,-1
76,5119,821.66,184.71,50.95,62.90,1,-1,-1,-1
76,5078,290.82,172.55,29.32,84.08,1,-1,-1,-1
76,5025,1053.29,166.58,44.35,119.52,1,-1,-1,-1
76,4934,179.32,195.32,32.06,46.57,1,-1,-1,-1
76,4915,213.31,171.84,33.44,85.96,1,-1,-1,-1
76,4913,775.37,158.62,35.23,101.87,1,-1,-1,-1
77,5120,827.48,170.67,17.39,36.20,1,-1,-1,-1
77,5119,829.82,186.74,56.48,66.82,1,-1,-1,-1
77,5108,899.55,174.51,24.54,28.95,1,-1,-1,-1
77,5078,269.42,167.73,34.91,91.89,1,-1,-1,-1
77,5025,1053.97,164.48,59.17,150.58,1,-1,-1,-1
77,4934,159.85,194.90,33.41,47.62,1,-1,-1,-1
77,4915,194.50,171.50,34.01,88.96,1,-1,-1,-1
77,4913,780.32,159.70,38.10,107.18,1,-1,-1,-1
78,5119,836.79,185.83,62.52,72.05,1,-1,-1,-1
78,5078,250.53,167.18,37.66,97.22,1,-1,-1,-1
78,5025,1070.84,159.99,54.57,144.93,1,-1,-1,-1
78,4934,137.96,196.12,32.72,48.82,1,-1,-1,-1
78,4915,176.66,170.62,34.17,92.52,1,-1,-1,-1
78,4913,790.62,160.04,39.39,112.78,1,-1,-1,-1
79,5133,601.43,168.13,15.49,39.11,1,-1,-1,-1
79,5119,854.05,188.17,61.10,74.08,1,-1,-1,-1
79,5078,227.88,166.10,41.35,104.11,1,-1,-1,-1
79,4934,115.74,199.91,33.21,50.21,1,-1,-1,-1
79,4915,156.51,171.88,34.71,96.76,1,-1,-1,-1
79,4913,804.43,160.60,41.07,120.10,1,-1,-1,-1
80,5137,790.98,192.11,27.73,74.92,1,-1,-1,-1
80,5133,603.07,170.56,15.13,38.66,1,-1,-1,-1
80,5119,881.07,193.90,54.88,75.41,1,-1,-1,-1
80,5078,209.41,170.69,39.65,106.37,1,-1,-1,-1
80,4934,91.46,204.42,33.39,51.12,1,-1,-1,-1
80,4915,132.46,174.46,39.16,101.68,1,-1,-1,-1
81,5137,800.00,201.38,26.85,69.61,1,-1,-1,-1
81,5078,179.00,172.99,42.16,112.50,1,-1,-1,-1
81,4915,110.53,176.81,44.72,105.17,1,-1,-1,-1
82,5146,853.40,151.56,49.61,168.22,1,-1,-1,-1
82,5078,148.56,173.22,45.63,118.20,1,-1,-1,-1
82,4915,79.44,176.51,49.94,109.99,1,-1,-1,-1
83,5152,783.81,176.77,31.95,34.83,1,-1,-1,-1
83,5149,906.00,157.24,30.89,128.43,1,-1,-1,-1
83,5146,873.47,148.11,52.76,180.00,1,-1,-1,-1
83,5078,109.05,169.94,53.31,128.62,1,-1,-1,-1
83,4915,49.79,174.45,52.36,114.76,1,-1,-1,-1
84,5152,784.95,175.78,31.99,35.23,1,-1,-1,-1
84,5149,931.88,152.61,33.79,141.28,1,-1,-1,-1
84,5146,894.64,144.37,60.33,198.48,1,-1,-1,-1
84,5078,71.88,169.58,58.62,137.39,1,-1,-1,-1
84,4915,16.03,174.60,53.53,119.66,1,-1,-1,-1
85,5152,786.96,176.38,33.78,35.95,1,-1,-1,-1
85,5149,962.04,147.47,44.13,170.42,1,-1,-1,-1
85,5146,926.60,140.11,69.38,220.16,1,-1,-1,-1
85,5078,25.33,170.29,65.30,147.21,1,-1,-1,-1
85,4915,-0.03,177.23,49.95,125.75,1,-1,-1,-1
86,5171,294.23,188.03,24.42,42.10,1,-1,-1,-1
86,5169,612.25,172.67,19.54,38.64,1,-1,-1,-1
86,5163,875.15,210.69,50.23,104.24,1,-1,-1,-1
86,5152,789.22,177.19,35.13,36.60,1,-1,-1,-1
86,5149,981.76,140.25,64.09,218.32,1,-1,-1,-1
87,5179,862.46,170.07,19.47,47.52,1,-1,-1,-1
87,5176,906.53,177.64,23.58,43.39,1,-1,-1,-1
87,5171,286.95,190.47,20.65,38.54,1,-1,-1,-1
87,5163,900.93,215.31,55.08,112.49,1,-1,-1,-1
87,5152,790.82,177.73,35.64,37.55,1,-1,-1,-1
87,5149,1019.91,130.61,83.97,248.91,1,-1,-1,-1
88,5179,865.93,168.70,21.71,51.33,1,-1,-1,-1
88,5176,912.26,176.08,23.56,44.90,1,-1,-1,-1
88,5163,930.42,218.01,64.22,125.01,1,-1,-1,-1
88,5152,793.99,178.57,35.09,37.78,1,-1,-1,-1
88,5149,1076.85,122.23,110.58,267.18,1,-1,-1,-1
89,5179,870.99,169.10,21.65,51.85,1,-1,-1,-1
89,5176,920.64,176.67,23.57,45.84,1,-1,-1,-1
89,5152,796.57,178.82,36.93,38.68,1,-1,-1,-1
89,5149,1142.34,115.84,101.56,268.79,1,-1,-1,-1
90,5179,875.67,167.19,24.42,55.23,1,-1,-1,-1
90,5176,928.72,176.77,23.58,46.96,1,-1,-1,-1
90,5152,797.19,178.06,38.45,39.52,1,-1,-1,-1
91,5195,205.76,183.15,46.42,58.91,1,-1,-1,-1
91,5179,880.94,167.69,24.68,55.73,1,-1,-1,-1
91,5176,936.25,176.23,24.17,49.47,1,-1,-1,-1
91,5152,798.15,179.53,39.61,40.19,1,-1,-1,-1
92,5195,185.73,186.31,43.74,58.99,1,-1,-1,-1
92,5179,886.25,167.66,25.63,57.45,1,-1,-1,-1
92,5176,944.98,177.43,24.94,51.39,1,-1,-1,-1
92,5152,804.15,180.39,42.14,41.04,1,-1,-1,-1
93,5195,166.59,189.15,42.83,60.82,1,-1,-1,-1
93,5179,892.43,167.66,25.99,59.05,1,-1,-1,-1
93,5176,953.91,172.76,26.18,56.74,1,-1,-1,-1
93,5152,807.40,181.53,39.86,41.32,1,-1,-1,-1
94,5195,147.15,191.91,40.73,60.23,1,-1,-1,-1
94,5179,898.10,168.19,27.11,61.00,1,-1,-1,-1
94,5176,964.21,169.54,28.14,62.63,1,-1,-1,-1
94,5152,811.57,183.11,40.06,41.84,1,-1,-1,-1
95,5179,903.96,169.51,27.32,62.07,1,-1,-1,-1
95,5176,977.12,169.62,28.79,66.46,1,-1,-1,-1
95,5152,816.29,183.61,44.26,43.53,1,-1,-1,-1
96,5179,910.84,168.71,27.67,63.66,1,-1,-1,-1
96,5176,988.75,168.09,30.14,70.62,1,-1,-1,-1
96,5152,818.78,183.50,43.56,44.76,1,-1,-1,-1
97,5179,918.40,168.39,28.49,65.60,1,-1,-1,-1
97,5176,1003.29,167.15,31.07,74.09,1,-1,-1,-1
97,5152,823.12,184.39,49.12,46.21,1,-1,-1,-1
98,5179,927.01,168.55,29.72,68.52,1,-1,-1,-1
98,5176,1017.97,167.44,31.35,77.34,1,-1,-1,-1
98,5152,835.46,185.51,47.65,47.10,1,-1,-1,-1
99,5179,935.29,168.87,29.11,69.98,1,-1,-1,-1
99,5176,1032.89,167.38,33.31,80.86,1,-1,-1,-1
100,5242,720.98,167.06,8.84,15.65,1,-1,-1,-1
100,5240,288.31,168.49,18.00,52.51,1,-1,-1,-1
100,5179,944.26,168.16,29.06,71.35,1,-1,-1,-1
100,5176,1048.59,165.83,34.88,84.62,1,-1,-1,-1
101,5240,277.77,167.30,19.68,54.59,1,-1,-1,-1
101,5227,582.24,162.33,10.27,39.47,1,-1,-1,-1
101,5179,954.51,167.34,30.29,73.77,1,-1,-1,-1
101,5176,1064.38,164.90,37.49,88.25,1,-1,-1,-1
102,5240,268.31,165.97,19.96,54.02,1,-1,-1,-1
102,5227,579.55,162.86,10.39,38.68,1,-1,-1,-1
102,5176,1083.00,165.19,40.07,92.20,1,-1,-1,-1
103,5240,256.22,163.55,20.91,55.69,1,-1,-1,-1
103,5176,1103.66,164.77,43.52,96.35,1,-1,-1,-1
104,5255,506.02,173.37,18.11,47.50,1,-1,-1,-1
104,5240,245.20,163.09,20.91,56.93,1,-1,-1,-1
104,5176,1126.06,162.97,47.07,100.67,1,-1,-1,-1
104,5152,854.89,182.56,54.49,54.62,1,-1,-1,-1
105,5255,502.14,174.31,18.74,49.65,1,-1,-1,-1
105,5240,233.57,163.20,21.46,58.98,1,-1,-1,-1
105,5179,1001.46,162.71,29.70,82.81,1,-1,-1,-1
105,5176,1151.35,160.60,50.92,105.62,1,-1,-1,-1
106,5255,498.61,176.75,18.74,50.42,1,-1,-1,-1
106,5240,220.64,164.64,21.77,60.77,1,-1,-1,-1
106,5179,1015.35,162.91,31.42,86.11,1,-1,-1,-1
106,5176,1175.82,160.37,53.99,111.04,1,-1,-1,-1
107,5255,494.50,177.03,19.79,53.46,1,-1,-1,-1
107,5240,208.61,165.64,22.32,62.49,1,-1,-1,-1
107,5179,1029.70,163.89,33.41,88.96,1,-1,-1,-1
107,5176,1196.21,156.59,49.37,106.82,1,-1,-1,-1
108,5264,174.83,154.28,28.94,81.25,1,-1,-1,-1
108,5255,490.29,177.39,20.26,55.00,1,-1,-1,-1
108,5240,194.24,165.70,22.74,63.77,1,-1,-1,-1
108,5179,1045.25,165.36,35.00,92.65,1,-1,-1,-1
109,5266,661.22,172.65,5.49,12.58,1,-1,-1,-1
109,5265,654.06,171.61,6.57,18.46,1,-1,-1,-1
109,5264,157.39,151.62,29.81,83.69,1,-1,-1,-1
109,5255,485.48,176.97,21.34,56.52,1,-1,-1,-1
109,5240,178.45,165.23,22.98,65.43,1,-1,-1,-1
109,5179,1060.35,164.88,34.14,95.64,1,-1,-1,-1
110,5265,652.40,170.96,6.75,17.96,1,-1,-1,-1
110,5264,140.00,150.50,30.76,85.64,1,-1,-1,-1
110,5255,481.07,175.49,22.52,58.68,1,-1,-1,-1
110,5240,161.55,164.24,23.42,67.50,1,-1,-1,-1
110,5179,1078.49,163.21,36.58,100.22,1,-1,-1,-1
111,5265,650.30,168.84,7.33,18.86,1,-1,-1,-1
111,5264,118.82,149.16,32.59,88.31,1,-1,-1,-1
111,5255,475.55,174.33,23.12,60.02,1,-1,-1,-1
111,5179,1098.04,161.94,39.96,105.24,1,-1,-1,-1
112,5265,648.85,169.26,7.47,18.23,1,-1,-1,-1
112,5264,95.54,147.11,33.91,90.93,1,-1,-1,-1
112,5255,469.77,174.45,23.56,61.72,1,-1,-1,-1
112,5179,1118.74,162.14,43.82,109.74,1,-1,-1,-1
113,5265,645.95,168.41,8.15,19.85,1,-1,-1,-1
113,5264,70.58,145.58,35.21,95.44,1,-1,-1,-1
113,5255,464.26,175.46,24.05,63.19,1,-1,-1,-1
113,5179,1140.93,163.09,46.94,113.67,1,-1,-1,-1
114,5265,643.90,170.75,7.96,19.66,1,-1,-1,-1
114,5264,44.39,145.88,35.73,99.50,1,-1,-1,-1
114,5255,459.75,176.04,25.34,66.17,1,-1,-1,-1
114,5179,1165.55,163.13,47.84,117.35,1,-1,-1,-1
115,5283,676.16,168.90,7.60,16.91,1,-1,-1,-1
115,5264,13.34,148.18,36.57,103.06,1,-1,-1,-1
115,5255,452.60,177.45,26.56,68.78,1,-1,-1,-1
115,5179,1188.22,162.88,47.88,121.36,1,-1,-1,-1
116,5264,3.82,151.39,41.21,104.08,1,-1,-1,-1
116,5255,446.37,179.35,27.40,70.60,1,-1,-1,-1
116,5179,1210.05,163.95,39.64,121.46,1,-1,-1,-1
117,5255,438.98,178.59,28.33,73.53,1,-1,-1,-1
118,5255,430.68,177.54,30.51,76.90,1,-1,-1,-1
119,5299,674.73,159.39,8.39,17.94,1,-1,-1,-1
119,5255,420.24,175.95,32.74,80.45,1,-1,-1,-1
120,5299,671.33,160.05,8.74,18.16,1,-1,-1,-1
120,5255,408.35,176.73,35.43,84.14,1,-1,-1,-1
121,5306,678.77,165.04,8.13,21.14,1,-1,-1,-1
121,5299,666.46,160.05,10.17,21.37,1,-1,-1,-1
121,5255,394.49,178.57,38.85,88.91,1,-1,-1,-1
122,5306,675.01,167.92,7.80,19.92,1,-1,-1,-1
122,5255,379.38,180.55,41.33,93.82,1,-1,-1,-1
123,5255,363.42,182.57,42.15,97.45,1,-1,-1,-1
124,5255,347.30,183.61,43.41,102.27,1,-1,-1,-1
125,5255,331.50,182.98,46.43,108.26,1,-1,-1,-1
126,5306,661.15,167.63,8.58,21.34,1,-1,-1,-1
126,5255,313.40,183.54,49.64,114.82,1,-1,-1,-1
127,5306,657.67,166.38,8.46,21.05,1,-1,-1,-1
127,5255,292.64,184.79,52.80,122.05,1,-1,-1,-1
128,5306,654.20,165.13,8.74,21.58,1,-1,-1,-1
128,5255,265.75,187.73,57.36,129.71,1,-1,-1,-1
129,5255,232.34,189.05,63.61,139.72,1,-1,-1,-1
130,5311,605.48,165.82,6.31,16.06,1,-1,-1,-1
130,5255,194.10,192.70,69.40,149.73,1,-1,-1,-1
131,5311,601.93,165.72,6.63,16.59,1,-1,-1,-1
132,5311,599.00,165.98,6.46,16.23,1,-1,-1,-1
133,5311,595.09,166.97,6.42,16.26,1,-1,-1,-1
134,5311,591.69,167.37,6.59,16.41,1,-1,-1,-1
135,5311,588.53,167.46,6.63,16.19,1,-1,-1,-1
136,5311,585.22,169.72,6.78,16.32,1,-1,-1,-1
137,5311,582.05,170.31,7.23,17.22,1,-1,-1,-1
138,5311,579.85,170.64,6.98,17.00,1,-1,-1,-1
139,5311,577.47,169.87,7.11,17.26,1,-1,-1,-1
140,5329,721.01,172.38,17.23,35.56,1,-1,-1,-1
140,5311,575.41,169.80,7.03,16.50,1,-1,-1,-1
141,5330,622.62,169.38,10.22,26.34,1,-1,-1,-1
141,5311,574.62,169.96,6.92,15.84,1,-1,-1,-1
142,5330,621.63,166.83,10.92,27.85,1,-1,-1,-1
144,5329,725.51,172.74,19.82,36.78,1,-1,-1,-1
145,5339,464.28,169.27,11.47,37.39,1,-1,-1,-1
145,5338,574.38,167.30,6.77,16.54,1,-1,-1,-1
145,5329,728.06,172.37,19.68,37.90,1,-1,-1,-1
146,5339,462.32,167.20,12.47,40.11,1,-1,-1,-1
146,5338,574.00,167.65,6.63,16.73,1,-1,-1,-1
146,5329,729.84,173.44,19.43,38.08,1,-1,-1,-1
147,5341,470.37,168.58,8.62,36.54,1,-1,-1,-1
147,5339,461.36,166.69,12.62,40.60,1,-1,-1,-1
147,5338,574.03,166.95,7.05,17.48,1,-1,-1,-1
148,5339,460.57,167.48,13.21,41.19,1,-1,-1,-1
148,5338,574.73,168.65,6.73,16.66,1,-1,-1,-1
149,5339,458.75,168.83,13.71,40.71,1,-1,-1,-1
149,5338,574.63,169.69,7.10,17.04,1,-1,-1,-1
150,5350,618.18,169.72,7.15,17.26,1,-1,-1,-1
150,5349,762.15,175.71,15.07,40.64,1,-1,-1,-1
150,5339,456.81,168.56,14.38,41.53,1,-1,-1,-1
150,5338,574.87,169.53,7.11,17.35,1,-1,-1,-1
150,5329,744.65,179.23,17.61,39.11,1,-1,-1,-1
151,5349,765.29,174.50,15.49,41.57,1,-1,-1,-1
151,5339,455.63,167.65,14.93,42.37,1,-1,-1,-1
151,5338,574.95,167.97,7.29,18.14,1,-1,-1,-1
152,5349,769.11,171.73,16.11,43.23,1,-1,-1,-1
152,5339,454.48,165.07,16.48,44.99,1,-1,-1,-1
152,5338,574.54,167.29,7.87,18.88,1,-1,-1,-1
153,5349,772.80,172.53,14.93,41.76,1,-1,-1,-1
153,5339,452.22,164.14,16.53,45.27,1,-1,-1,-1
153,5338,574.32,167.06,7.70,18.76,1,-1,-1,-1
154,5339,451.44,160.14,16.40,46.13,1,-1,-1,-1
154,5338,574.19,164.72,7.71,18.57,1,-1,-1,-1
155,5339,449.38,158.12,16.37,46.00,1,-1,-1,-1
155,5338,574.28,163.37,7.75,18.42,1,-1,-1,-1
156,5339,447.26,158.18,16.73,45.72,1,-1,-1,-1
156,5338,574.17,163.81,7.74,18.22,1,-1,-1,-1
157,5339,445.01,159.24,17.80,45.58,1,-1,-1,-1
157,5338,574.04,164.50,7.79,18.44,1,-1,-1,-1
158,5339,442.41,160.74,18.30,45.99,1,-1,-1,-1
158,5338,573.62,164.79,7.93,19.14,1,-1,-1,-1
159,5360,554.91,168.15,9.41,26.03,1,-1,-1,-1
159,5339,440.17,160.38,18.91,47.40,1,-1,-1,-1
159,5338,573.18,164.84,8.04,19.77,1,-1,-1,-1
160,5360,554.39,167.83,9.26,25.77,1,-1,-1,-1
160,5339,438.72,161.06,18.42,47.05,1,-1,-1,-1
160,5338,572.40,164.52,8.35,20.51,1,-1,-1,-1
161,5366,789.50,172.61,20.48,45.36,1,-1,-1,-1
161,5360,553.96,168.68,9.26,25.80,1,-1,-1,-1
161,5339,438.00,162.69,17.08,47.06,1,-1,-1,-1
161,5338,571.91,166.46,8.17,20.40,1,-1,-1,-1
162,5369,770.19,177.80,23.00,47.52,1,-1,-1,-1
162,5366,792.71,172.48,21.65,46.61,1,-1,-1,-1
162,5365,632.61,168.43,14.40,32.90,1,-1,-1,-1
162,5338,571.05,166.74,8.16,20.46,1,-1,-1,-1
163,5366,796.22,175.01,22.04,46.33,1,-1,-1,-1
163,5365,633.86,169.28,14.49,33.39,1,-1,-1,-1
163,5338,570.77,167.49,8.10,20.25,1,-1,-1,-1
164,5366,801.06,176.13,22.23,47.60,1,-1,-1,-1
164,5365,634.85,169.93,14.93,34.75,1,-1,-1,-1
164,5338,570.73,169.81,7.74,19.83,1,-1,-1,-1
165,5365,635.95,170.75,15.56,35.83,1,-1,-1,-1
165,5338,570.74,170.74,7.85,19.85,1,-1,-1,-1
166,5374,607.49,171.72,8.14,18.25,1,-1,-1,-1
166,5369,783.68,183.57,18.89,26.41,1,-1,-1,-1
166,5365,636.60,169.88,16.35,36.93,1,-1,-1,-1
166,5338,570.48,170.28,8.02,19.89,1,-1,-1,-1
167,5374,605.98,168.40,8.86,18.50,1,-1,-1,-1
167,5365,637.39,166.78,16.69,38.54,1,-1,-1,-1
167,5338,570.05,167.86,8.38,20.64,1,-1,-1,-1
168,5365,637.31,164.09,17.75,40.46,1,-1,-1,-1
168,5338,568.90,166.32,8.57,21.00,1,-1,-1,-1
169,5365,637.54,161.60,18.14,42.12,1,-1,-1,-1
169,5338,568.48,165.63,8.78,21.37,1,-1,-1,-1
170,5381,560.09,166.52,8.23,20.26,1,-1,-1,-1
170,5365,638.61,160.29,18.19,43.84,1,-1,-1,-1
170,5338,567.77,165.21,8.94,21.80,1,-1,-1,-1
171,5381,559.17,165.31,7.85,19.54,1,-1,-1,-1
171,5374,597.86,160.57,11.53,23.82,1,-1,-1,-1
171,5365,639.43,160.01,17.61,43.93,1,-1,-1,-1
171,5338,566.82,163.61,8.95,21.92,1,-1,-1,-1
172,5374,595.58,161.40,10.59,22.32,1,-1,-1,-1
172,5365,639.58,159.10,17.56,43.38,1,-1,-1,-1
172,5338,565.22,162.48,8.77,22.05,1,-1,-1,-1
173,5385,614.10,163.80,7.35,13.62,1,-1,-1,-1
173,5374,592.18,160.82,11.07,23.05,1,-1,-1,-1
173,5365,638.55,160.96,17.03,42.48,1,-1,-1,-1
173,5338,563.12,162.82,8.77,22.21,1,-1,-1,-1
174,5386,598.39,165.53,6.77,16.81,1,-1,-1,-1
174,5374,588.70,163.90,10.71,22.01,1,-1,-1,-1
174,5365,636.80,164.51,16.54,41.01,1,-1,-1,-1
175,5365,633.43,162.80,15.56,40.43,1,-1,-1,-1
176,5365,629.03,161.28,16.81,42.54,1,-1,-1,-1
177,5392,614.41,173.11,12.06,29.27,1,-1,-1,-1
177,5365,625.74,163.64,17.57,41.43,1,-1,-1,-1
178,5392,608.21,175.62,12.86,29.79,1,-1,-1,-1
178,5365,621.41,165.79,16.94,40.20,1,-1,-1,-1
179,5395,879.45,192.02,41.10,53.77,1,-1,-1,-1
179,5365,619.31,165.78,14.83,39.05,1,-1,-1,-1
181,5400,854.18,187.78,26.58,53.05,1,-1,-1,-1
182,5402,591.20,163.09,14.86,43.21,1,-1,-1,-1
182,5400,850.62,186.78,26.31,53.12,1,-1,-1,-1
183,5402,582.63,164.94,13.97,41.35,1,-1,-1,-1
183,5400,843.92,187.00,26.89,54.62,1,-1,-1,-1
187,5400,832.41,186.47,27.02,51.98,1,-1,-1,-1
188,5425,546.43,169.31,16.66,40.85,1,-1,-1,-1
188,5421,564.98,167.37,16.97,36.86,1,-1,-1,-1
188,5400,836.24,187.53,27.67,52.67,1,-1,-1,-1
189,5430,475.22,168.56,10.12,24.89,1,-1,-1,-1
189,5428,466.30,170.32,10.68,28.49,1,-1,-1,-1
189,5427,499.98,169.21,9.13,22.05,1,-1,-1,-1
189,5425,546.49,174.27,16.62,39.14,1,-1,-1,-1
189,5421,568.60,168.13,17.95,36.58,1,-1,-1,-1
190,5430,478.17,169.62,10.28,25.11,1,-1,-1,-1
190,5428,468.87,170.68,11.15,29.19,1,-1,-1,-1
190,5427,501.94,170.42,9.84,22.37,1,-1,-1,-1
190,5425,548.16,179.42,16.80,36.13,1,-1,-1,-1
190,5421,571.32,171.01,19.03,36.70,1,-1,-1,-1
191,5430,481.78,169.91,9.70,24.00,1,-1,-1,-1
191,5428,472.75,169.48,11.39,30.14,1,-1,-1,-1
191,5427,504.63,169.73,10.39,23.24,1,-1,-1,-1
191,5425,553.43,175.45,16.97,39.08,1,-1,-1,-1
191,5421,574.42,170.52,19.07,35.88,1,-1,-1,-1
192,5430,486.36,169.83,9.94,24.39,1,-1,-1,-1
192,5427,509.25,169.74,10.24,23.95,1,-1,-1,-1
192,5425,560.39,174.32,16.23,39.18,1,-1,-1,-1
193,5434,888.95,194.33,32.63,60.75,1,-1,-1,-1
193,5430,487.98,172.79,10.13,25.02,1,-1,-1,-1
194,5434,903.83,194.18,32.28,61.47,1,-1,-1,-1
195,5434,914.99,196.52,35.66,65.24,1,-1,-1,-1
196,5434,929.93,197.75,38.06,67.63,1,-1,-1,-1
197,5448,995.96,196.01,44.92,66.66,1,-1,-1,-1
197,5434,947.78,198.94,39.75,69.36,1,-1,-1,-1
198,5448,1021.18,197.64,40.77,61.55,1,-1,-1,-1
198,5434,966.53,200.42,41.36,70.97,1,-1,-1,-1
199,5434,985.93,198.93,43.07,73.83,1,-1,-1,-1
200,5447,625.28,188.50,13.22,33.63,1,-1,-1,-1
200,5434,1009.16,200.43,44.34,75.01,1,-1,-1,-1
201,5447,634.44,188.17,11.82,32.23,1,-1,-1,-1
201,5434,1034.04,202.15,45.65,76.00,1,-1,-1,-1
202,5434,1059.54,203.36,45.57,76.30,1,-1,-1,-1
206,5483,683.54,181.15,20.07,47.61,1,-1,-1,-1
207,5483,694.56,182.55,19.76,48.18,1,-1,-1,-1
208,5499,725.32,168.11,15.11,46.12,1,-1,-1,-1
208,5483,702.86,182.40,21.29,51.23,1,-1,-1,-1
209,5499,728.60,173.84,11.76,37.13,1,-1,-1,-1
209,5483,710.38,184.31,21.37,51.79,1,-1,-1,-1
210,5501,626.55,175.91,13.76,33.44,1,-1,-1,-1
210,5483,714.75,186.57,21.36,51.60,1,-1,-1,-1
211,5508,645.81,178.42,9.93,24.46,1,-1,-1,-1
211,5501,628.35,174.96,14.07,34.61,1,-1,-1,-1
211,5483,720.05,186.82,22.22,52.19,1,-1,-1,-1
212,5513,759.65,177.83,11.73,29.95,1,-1,-1,-1
212,5512,679.44,179.12,8.42,18.47,1,-1,-1,-1
212,5508,646.61,177.93,10.00,24.76,1,-1,-1,-1
212,5501,630.81,175.64,14.07,33.79,1,-1,-1,-1
212,5483,729.51,188.34,20.53,52.00,1,-1,-1,-1
213,5517,626.41,178.69,7.42,20.11,1,-1,-1,-1
213,5516,701.23,179.75,8.17,15.98,1,-1,-1,-1
213,5515,748.96,179.29,9.71,25.45,1,-1,-1,-1
213,5513,759.69,177.09,12.38,31.58,1,-1,-1,-1
213,5512,679.33,180.64,8.06,17.52,1,-1,-1,-1
213,5508,646.63,178.78,10.76,26.86,1,-1,-1,-1
213,5501,633.22,182.26,13.13,29.89,1,-1,-1,-1
213,5483,732.42,190.14,21.96,53.80,1,-1,-1,-1
214,5517,627.60,178.06,7.00,20.17,1,-1,-1,-1
214,5516,701.99,179.01,8.49,16.70,1,-1,-1,-1
214,5515,750.83,178.24,10.33,27.87,1,-1,-1,-1
214,5513,762.21,177.74,12.00,30.59,1,-1,-1,-1
214,5508,646.59,179.14,10.62,27.10,1,-1,-1,-1
214,5501,633.41,182.44,12.73,29.62,1,-1,-1,-1
214,5483,732.57,191.38,22.01,54.81,1,-1,-1,-1
215,5516,702.05,177.64,8.53,16.69,1,-1,-1,-1
215,5515,751.89,176.14,10.00,26.87,1,-1,-1,-1
215,5513,763.14,176.38,11.40,29.73,1,-1,-1,-1
215,5508,646.01,177.94,10.79,27.82,1,-1,-1,-1
215,5501,634.75,179.82,12.58,30.51,1,-1,-1,-1
215,5483,733.00,190.24,24.08,57.14,1,-1,-1,-1
216,5526,786.10,170.83,33.52,71.52,1,-1,-1,-1
216,5516,700.66,175.88,8.66,16.64,1,-1,-1,-1
216,5515,751.17,171.39,12.00,29.72,1,-1,-1,-1
216,5513,763.60,174.20,11.40,30.45,1,-1,-1,-1
216,5508,644.34,176.84,11.07,28.67,1,-1,-1,-1
216,5501,634.55,178.63,12.67,31.53,1,-1,-1,-1
216,5483,733.64,190.02,25.67,58.12,1,-1,-1,-1
217,5533,707.45,173.36,7.88,16.07,1,-1,-1,-1
217,5529,780.73,174.88,12.14,25.43,1,-1,-1,-1
217,5526,791.07,164.57,34.70,72.34,1,-1,-1,-1
217,5516,699.81,173.07,8.30,16.23,1,-1,-1,-1
217,5515,751.57,169.75,13.51,30.71,1,-1,-1,-1
217,5513,763.80,171.08,11.47,33.17,1,-1,-1,-1
217,5508,642.14,172.70,11.58,30.35,1,-1,-1,-1
217,5501,634.62,175.98,11.80,31.43,1,-1,-1,-1
217,5483,741.40,188.40,24.66,58.41,1,-1,-1,-1
218,5529,780.28,172.77,12.53,25.74,1,-1,-1,-1
218,5526,800.46,163.06,33.01,67.93,1,-1,-1,-1
218,5516,698.30,170.43,8.32,16.44,1,-1,-1,-1
218,5515,748.74,163.80,16.88,33.76,1,-1,-1,-1
218,5513,764.38,166.97,11.36,33.34,1,-1,-1,-1
218,5508,640.42,171.49,11.76,32.06,1,-1,-1,-1
218,5501,633.18,173.24,11.70,32.42,1,-1,-1,-1
218,5483,742.96,184.12,25.80,62.21,1,-1,-1,-1
219,5530,685.54,168.02,7.08,19.77,1,-1,-1,-1
219,5529,779.86,171.43,11.95,25.18,1,-1,-1,-1
219,5526,800.20,163.91,41.24,85.04,1,-1,-1,-1
219,5516,696.17,169.01,8.11,16.62,1,-1,-1,-1
219,5513,764.28,165.86,11.27,32.60,1,-1,-1,-1
219,5508,638.32,169.54,11.45,32.94,1,-1,-1,-1
219,5501,632.14,170.31,12.39,33.99,1,-1,-1,-1
219,5483,750.79,188.89,24.86,60.38,1,-1,-1,-1
220,5539,746.18,176.61,29.54,73.61,1,-1,-1,-1
220,5537,615.10,165.79,15.53,36.55,1,-1,-1,-1
220,5530,682.54,167.63,7.24,20.53,1,-1,-1,-1
220,5526,802.17,160.60,47.48,98.46,1,-1,-1,-1
220,5516,693.67,167.83,8.17,17.02,1,-1,-1,-1
220,5501,630.20,169.38,12.99,34.95,1,-1,-1,-1
221,5541,590.54,167.41,8.11,14.79,1,-1,-1,-1
221,5539,750.84,178.39,30.02,74.90,1,-1,-1,-1
221,5537,612.18,167.15,15.31,37.08,1,-1,-1,-1
221,5530,680.29,168.31,6.79,19.89,1,-1,-1,-1
221,5516,691.44,167.94,7.79,16.74,1,-1,-1,-1
221,5501,626.69,170.41,12.95,35.10,1,-1,-1,-1
222,5541,587.62,170.18,8.40,15.36,1,-1,-1,-1
222,5539,754.01,179.18,31.95,78.29,1,-1,-1,-1
222,5537,608.97,169.67,15.65,37.80,1,-1,-1,-1
222,5530,678.13,170.47,6.65,19.98,1,-1,-1,-1
222,5515,743.27,164.83,14.91,33.22,1,-1,-1,-1
222,5501,623.59,171.92,13.26,35.61,1,-1,-1,-1
223,5539,758.78,177.52,32.63,83.03,1,-1,-1,-1
223,5537,605.33,171.96,16.30,39.04,1,-1,-1,-1
223,5530,675.45,172.98,6.82,20.62,1,-1,-1,-1
223,5515,741.53,167.68,14.87,34.58,1,-1,-1,-1
223,5501,622.27,174.20,12.88,35.92,1,-1,-1,-1
224,5539,758.41,181.01,35.52,87.96,1,-1,-1,-1
224,5537,602.60,173.63,15.71,38.92,1,-1,-1,-1
224,5530,673.31,174.49,6.87,20.96,1,-1,-1,-1
224,5515,740.35,168.93,14.83,35.96,1,-1,-1,-1
224,5501,617.92,175.42,13.74,36.85,1,-1,-1,-1
225,5547,681.03,175.38,8.56,17.30,1,-1,-1,-1
225,5539,761.86,184.11,37.46,92.32,1,-1,-1,-1
225,5538,647.63,176.44,9.89,19.48,1,-1,-1,-1
225,5537,600.25,173.50,16.30,39.84,1,-1,-1,-1
225,5530,671.76,175.13,7.21,21.86,1,-1,-1,-1
225,5515,740.88,169.47,14.61,36.38,1,-1,-1,-1
225,5501,616.61,175.69,13.79,37.24,1,-1,-1,-1
226,5547,680.44,174.18,8.37,16.92,1,-1,-1,-1
226,5539,769.52,181.76,40.53,99.48,1,-1,-1,-1
226,5538,645.44,176.54,9.87,18.81,1,-1,-1,-1
226,5537,598.93,172.80,16.59,40.82,1,-1,-1,-1
226,5530,670.55,174.19,7.33,22.05,1,-1,-1,-1
226,5515,742.31,169.09,13.96,36.77,1,-1,-1,-1
226,5501,615.54,175.16,13.77,37.99,1,-1,-1,-1
227,5552,870.83,157.84,58.19,111.80,1,-1,-1,-1
227,5551,759.10,168.40,13.10,35.35,1,-1,-1,-1
227,5547,679.94,172.31,8.38,17.14,1,-1,-1,-1
227,5539,780.33,180.56,41.75,104.52,1,-1,-1,-1
227,5538,641.83,175.26,9.55,18.89,1,-1,-1,-1
227,5537,596.63,171.05,17.67,42.40,1,-1,-1,-1
227,5530,669.13,173.01,7.41,22.53,1,-1,-1,-1
227,5515,743.52,168.27,13.78,37.14,1,-1,-1,-1
227,5501,614.31,174.13,14.25,38.33,1,-1,-1,-1
228,5554,584.93,171.96,12.51,34.87,1,-1,-1,-1
228,5552,883.33,161.38,58.68,115.88,1,-1,-1,-1
228,5551,760.47,168.48,12.78,35.98,1,-1,-1,-1
228,5547,678.36,172.31,8.67,17.74,1,-1,-1,-1
228,5539,787.64,181.01,45.73,112.57,1,-1,-1,-1
228,5537,594.48,169.72,18.39,44.18,1,-1,-1,-1
228,5530,667.92,172.58,7.79,23.56,1,-1,-1,-1
228,5515,744.35,168.38,13.57,37.44,1,-1,-1,-1
228,5501,612.82,174.09,14.86,39.09,1,-1,-1,-1
229,5554,585.11,173.13,12.56,35.65,1,-1,-1,-1
229,5551,762.20,169.54,12.31,36.16,1,-1,-1,-1
229,5547,677.29,173.41,8.52,17.97,1,-1,-1,-1
229,5537,593.16,170.69,18.78,44.67,1,-1,-1,-1
229,5530,667.42,173.55,7.66,23.68,1,-1,-1,-1
229,5515,745.30,168.85,13.46,38.11,1,-1,-1,-1
229,5501,611.72,175.45,15.21,39.36,1,-1,-1,-1
230,5554,583.89,173.74,12.60,35.90,1,-1,-1,-1
230,5551,763.36,170.18,13.60,37.80,1,-1,-1,-1
230,5547,676.08,174.63,8.16,17.44,1,-1,-1,-1
230,5537,591.70,172.04,18.76,44.71,1,-1,-1,-1
230,5530,666.34,175.09,7.45,23.15,1,-1,-1,-1
230,5515,746.30,169.53,13.43,38.84,1,-1,-1,-1
230,5501,609.99,176.17,16.21,40.00,1,-1,-1,-1
231,5551,762.71,170.86,14.35,38.96,1,-1,-1,-1
231,5547,674.12,175.57,8.20,17.18,1,-1,-1,-1
231,5537,588.72,173.03,18.96,44.66,1,-1,-1,-1
231,5530,663.80,175.52,7.47,23.38,1,-1,-1,-1
231,5515,745.13,170.57,14.13,39.23,1,-1,-1,-1
231,5501,608.01,177.22,16.09,40.10,1,-1,-1,-1
232,5562,597.63,174.60,9.37,39.74,1,-1,-1,-1
232,5558,776.47,178.21,10.99,29.24,1,-1,-1,-1
232,5551,761.30,169.38,16.09,41.50,1,-1,-1,-1
232,5547,671.21,176.03,8.16,17.26,1,-1,-1,-1
232,5537,584.27,173.29,19.17,45.24,1,-1,-1,-1
232,5530,661.10,176.04,7.51,23.22,1,-1,-1,-1
232,5515,744.47,171.33,13.61,39.39,1,-1,-1,-1
232,5501,604.24,177.77,16.25,40.91,1,-1,-1,-1
233,5566,561.17,174.37,10.89,41.88,1,-1,-1,-1
233,5562,593.82,175.91,8.94,38.79,1,-1,-1,-1
233,5558,775.26,180.13,10.07,27.88,1,-1,-1,-1
233,5551,760.88,168.32,16.67,42.97,1,-1,-1,-1
233,5547,667.15,176.14,8.24,17.98,1,-1,-1,-1
233,5537,579.83,173.73,19.36,46.50,1,-1,-1,-1
233,5530,657.72,176.01,7.66,23.81,1,-1,-1,-1
233,5515,742.10,171.04,14.23,40.34,1,-1,-1,-1
233,5501,598.85,177.74,16.70,41.37,1,-1,-1,-1
234,5569,622.67,178.75,7.28,17.76,1,-1,-1,-1
234,5568,875.23,179.61,87.10,184.98,1,-1,-1,-1
234,5566,555.64,175.27,12.57,45.19,1,-1,-1,-1
234,5562,589.61,176.75,8.46,38.48,1,-1,-1,-1
234,5558,773.72,180.99,9.52,27.21,1,-1,-1,-1
234,5551,759.85,168.29,17.10,43.77,1,-1,-1,-1
234,5547,663.30,176.06,8.74,18.97,1,-1,-1,-1
234,5537,574.69,173.97,20.16,47.97,1,-1,-1,-1
234,5530,654.10,176.09,7.76,24.26,1,-1,-1,-1
234,5515,740.20,170.46,14.40,41.44,1,-1,-1,-1
234,5501,594.99,177.78,16.21,42.07,1,-1,-1,-1
235,5570,752.72,173.70,6.67,27.42,1,-1,-1,-1
235,5568,914.11,187.42,90.61,189.32,1,-1,-1,-1
235,5566,550.11,175.66,13.47,47.50,1,-1,-1,-1
235,5562,585.94,178.69,8.53,38.83,1,-1,-1,-1
235,5560,784.17,170.34,17.29,41.05,1,-1,-1,-1
235,5558,772.33,179.81,9.29,27.95,1,-1,-1,-1
235,5551,758.53,169.22,16.41,43.88,1,-1,-1,-1
235,5547,659.55,176.17,8.96,19.31,1,-1,-1,-1
235,5537,569.44,174.88,20.79,49.18,1,-1,-1,-1
235,5530,650.22,176.20,7.91,24.30,1,-1,-1,-1
235,5515,738.80,171.34,14.50,42.05,1,-1,-1,-1
235,5501,590.59,178.17,16.00,42.50,1,-1,-1,-1
236,5573,1105.12,153.66,130.85,223.70,1,-1,-1,-1
236,5568,951.18,189.67,100.62,192.47,1,-1,-1,-1
236,5566,542.84,176.20,14.63,50.37,1,-1,-1,-1
236,5562,581.75,180.49,9.55,39.69,1,-1,-1,-1
236,5558,770.04,182.12,9.23,27.45,1,-1,-1,-1
236,5551,757.28,170.70,15.97,43.89,1,-1,-1,-1
236,5547,655.87,177.21,9.05,19.80,1,-1,-1,-1
236,5537,563.81,175.40,20.93,49.64,1,-1,-1,-1
236,5530,646.84,177.52,8.24,24.56,1,-1,-1,-1
236,5515,736.52,171.19,15.08,43.67,1,-1,-1,-1
236,5501,586.06,179.20,16.60,42.96,1,-1,-1,-1
237,5573,1152.00,160.09,106.42,207.51,1,-1,-1,-1
237,5568,1011.31,187.08,111.90,178.68,1,-1,-1,-1
237,5566,537.06,176.24,16.03,52.49,1,-1,-1,-1
237,5562,576.80,181.45,9.53,39.46,1,-1,-1,-1
237,5558,769.24,182.76,9.59,28.16,1,-1,-1,-1
237,5551,755.98,171.41,16.29,44.78,1,-1,-1,-1
237,5547,652.46,177.76,8.93,19.81,1,-1,-1,-1
237,5537,558.28,175.68,21.28,50.75,1,-1,-1,-1
237,5530,643.17,177.81,8.53,25.02,1,-1,-1,-1
237,5515,735.52,171.46,15.69,44.76,1,-1,-1,-1
237,5501,581.54,179.86,17.06,43.80,1,-1,-1,-1
238,5568,1084.50,189.89,125.75,176.05,1,-1,-1,-1
238,5566,531.31,175.44,15.75,53.57,1,-1,-1,-1
238,5562,570.27,179.05,11.08,41.89,1,-1,-1,-1
238,5558,768.31,180.80,9.38,29.00,1,-1,-1,-1
238,5551,754.04,170.51,16.87,45.91,1,-1,-1,-1
238,5547,648.34,177.43,8.80,19.94,1,-1,-1,-1
238,5537,551.91,175.86,21.48,51.84,1,-1,-1,-1
238,5530,639.08,177.02,8.74,25.88,1,-1,-1,-1
238,5515,734.52,171.23,16.05,45.53,1,-1,-1,-1
238,5501,577.53,179.53,16.68,44.18,1,-1,-1,-1
239,5562,562.95,177.02,11.92,43.90,1,-1,-1,-1
239,5558,766.60,178.08,8.97,30.02,1,-1,-1,-1
239,5551,751.76,168.87,17.42,47.42,1,-1,-1,-1
239,5547,643.36,176.31,8.92,20.33,1,-1,-1,-1
239,5537,544.04,175.13,22.19,54.26,1,-1,-1,-1
239,5530,634.16,176.29,8.64,26.03,1,-1,-1,-1
239,5515,731.50,170.12,16.70,46.68,1,-1,-1,-1
239,5501,571.47,179.20,16.82,45.24,1,-1,-1,-1
240,5558,763.78,178.52,8.42,30.21,1,-1,-1,-1
240,5551,749.38,168.19,17.88,48.39,1,-1,-1,-1
240,5547,638.17,175.75,8.82,20.28,1,-1,-1,-1
240,5537,543.17,174.44,18.58,53.28,1,-1,-1,-1
240,5515,728.38,168.73,17.24,47.65,1,-1,-1,-1
240,5501,565.49,178.03,17.19,46.35,1,-1,-1,-1
241,5558,760.23,174.62,8.75,32.35,1,-1,-1,-1
241,5551,746.08,167.53,17.99,49.52,1,-1,-1,-1
241,5537,540.17,174.46,17.65,53.26,1,-1,-1,-1
241,5515,725.87,166.76,17.74,49.27,1,-1,-1,-1
241,5501,558.97,177.37,17.45,47.59,1,-1,-1,-1
242,5551,742.25,167.48,18.65,50.30,1,-1,-1,-1
242,5537,532.75,175.64,17.13,53.26,1,-1,-1,-1
242,5515,723.21,166.63,17.47,50.23,1,-1,-1,-1
243,5591,502.63,173.38,24.11,65.55,1,-1,-1,-1
243,5551,739.46,168.58,18.44,50.45,1,-1,-1,-1
243,5515,720.94,166.36,18.20,51.77,1,-1,-1,-1
244,5591,492.37,170.79,25.26,70.19,1,-1,-1,-1
244,5588,1149.30,151.26,63.21,135.33,1,-1,-1,-1
244,5551,737.24,168.16,19.53,51.97,1,-1,-1,-1
244,5515,718.73,167.08,18.22,52.48,1,-1,-1,-1
245,5591,480.76,170.65,26.81,74.54,1,-1,-1,-1
245,5551,733.59,167.95,20.92,53.08,1,-1,-1,-1
245,5515,715.38,168.13,18.22,52.73,1,-1,-1,-1
246,5591,466.73,171.45,30.04,78.07,1,-1,-1,-1
246,5551,730.69,167.77,22.00,54.54,1,-1,-1,-1
246,5515,711.75,168.61,18.03,53.69,1,-1,-1,-1
247,5591,452.29,171.64,32.64,81.42,1,-1,-1,-1
247,5551,727.37,168.34,22.33,55.66,1,-1,-1,-1
247,5515,709.81,169.15,17.92,55.08,1,-1,-1,-1
248,5591,438.90,171.01,34.69,84.90,1,-1,-1,-1
248,5551,724.68,168.23,23.27,57.08,1,-1,-1,-1
248,5537,479.39,175.93,21.69,63.58,1,-1,-1,-1
248,5515,707.20,168.83,18.41,56.81,1,-1,-1,-1
249,5620,751.02,171.39,20.48,52.48,1,-1,-1,-1
249,5591,425.86,169.34,35.73,89.04,1,-1,-1,-1
249,5551,722.12,168.38,23.72,58.55,1,-1,-1,-1
249,5537,466.78,176.06,23.75,66.59,1,-1,-1,-1
249,5515,705.65,169.17,18.54,58.20,1,-1,-1,-1
250,5627,487.42,175.98,23.07,60.23,1,-1,-1,-1
250,5591,410.72,169.03,36.80,93.34,1,-1,-1,-1
250,5551,720.77,168.24,24.32,60.21,1,-1,-1,-1
250,5537,456.34,174.71,25.70,70.42,1,-1,-1,-1
250,5515,704.30,168.45,19.72,60.35,1,-1,-1,-1
251,5632,564.92,175.66,9.80,29.71,1,-1,-1,-1
251,5629,577.19,175.96,8.78,21.03,1,-1,-1,-1
251,5627,480.15,177.83,21.38,58.40,1,-1,-1,-1
251,5591,394.32,169.12,37.60,97.73,1,-1,-1,-1
251,5551,719.91,168.14,25.30,62.45,1,-1,-1,-1
251,5537,447.72,175.40,26.49,72.95,1,-1,-1,-1
251,5515,703.97,169.12,20.27,61.66,1,-1,-1,-1
252,5632,560.84,175.55,10.02,31.06,1,-1,-1,-1
252,5629,572.48,176.82,8.76,20.82,1,-1,-1,-1
252,5627,472.44,180.30,21.00,58.58,1,-1,-1,-1
252,5591,376.39,169.92,39.02,102.63,1,-1,-1,-1
252,5551,720.63,168.81,26.50,64.74,1,-1,-1,-1
252,5537,437.69,177.28,28.52,75.42,1,-1,-1,-1
252,5515,703.31,169.27,21.40,63.77,1,-1,-1,-1
253,5632,557.82,176.78,9.83,31.39,1,-1,-1,-1
253,5629,570.06,178.17,9.05,21.07,1,-1,-1,-1
253,5627,465.37,181.65,21.13,59.83,1,-1,-1,-1
253,5591,356.75,170.32,42.10,109.91,1,-1,-1,-1
253,5551,722.15,170.26,26.87,66.99,1,-1,-1,-1
253,5537,428.18,178.74,30.87,79.10,1,-1,-1,-1
253,5515,704.31,170.83,21.78,66.05,1,-1,-1,-1
254,5632,555.57,177.87,9.59,30.15,1,-1,-1,-1
254,5629,568.41,178.64,9.11,21.93,1,-1,-1,-1
254,5627,458.27,181.47,21.95,63.05,1,-1,-1,-1
254,5591,336.86,170.41,45.55,117.92,1,-1,-1,-1
254,5551,725.58,171.49,27.35,69.08,1,-1,-1,-1
254,5537,419.71,179.14,32.59,82.42,1,-1,-1,-1
254,5515,706.49,171.54,22.35,68.31,1,-1,-1,-1
255,5632,554.25,179.05,9.96,31.73,1,-1,-1,-1
255,5629,567.39,179.20,9.36,22.55,1,-1,-1,-1
255,5627,453.66,182.26,20.63,63.23,1,-1,-1,-1
255,5591,312.01,169.89,52.89,128.16,1,-1,-1,-1
255,5551,729.50,171.26,28.14,71.66,1,-1,-1,-1
255,5537,407.45,174.85,37.81,91.69,1,-1,-1,-1
255,5515,709.92,171.59,23.38,70.78,1,-1,-1,-1
256,5646,769.44,178.56,20.30,58.19,1,-1,-1,-1
256,5632,553.38,180.29,10.35,33.18,1,-1,-1,-1
256,5629,566.58,180.13,9.44,22.63,1,-1,-1,-1
256,5627,448.55,182.96,20.97,65.55,1,-1,-1,-1
256,5591,290.07,171.25,58.36,137.69,1,-1,-1,-1
256,5551,735.97,171.47,29.33,74.41,1,-1,-1,-1
256,5537,397.09,176.83,40.37,97.00,1,-1,-1,-1
256,5515,713.68,171.61,24.74,74.23,1,-1,-1,-1
257,5649,437.95,184.06,11.81,35.06,1,-1,-1,-1
257,5648,339.30,174.28,27.93,104.24,1,-1,-1,-1
257,5646,777.38,178.44,22.00,60.51,1,-1,-1,-1
257,5632,553.24,180.02,11.05,35.07,1,-1,-1,-1
257,5629,566.69,180.92,9.54,22.77,1,-1,-1,-1
257,5627,443.22,182.96,21.91,68.24,1,-1,-1,-1
257,5591,268.41,172.78,63.66,148.07,1,-1,-1,-1
257,5551,742.96,170.85,30.24,77.85,1,-1,-1,-1
257,5537,385.46,178.22,40.28,100.92,1,-1,-1,-1
257,5515,718.44,172.01,25.99,76.88,1,-1,-1,-1
258,5648,325.86,175.46,29.66,109.75,1,-1,-1,-1
258,5632,553.76,179.94,10.82,34.84,1,-1,-1,-1
258,5629,567.82,180.67,10.30,23.84,1,-1,-1,-1
258,5627,436.59,183.55,23.59,70.42,1,-1,-1,-1
258,5591,239.08,174.76,69.70,160.84,1,-1,-1,-1
258,5551,750.50,170.35,32.41,81.42,1,-1,-1,-1
258,5537,370.50,179.95,42.48,107.00,1,-1,-1,-1
258,5515,725.31,171.85,27.49,80.51,1,-1,-1,-1
259,5648,312.63,176.70,31.66,115.91,1,-1,-1,-1
259,5627,435.16,183.85,22.99,71.56,1,-1,-1,-1
259,5591,205.82,175.47,75.05,176.33,1,-1,-1,-1
259,5551,761.19,170.94,33.37,83.82,1,-1,-1,-1
259,5537,355.05,181.31,46.21,114.37,1,-1,-1,-1
259,5515,734.03,171.20,28.68,84.06,1,-1,-1,-1
260,5654,386.87,174.18,35.38,103.91,1,-1,-1,-1
260,5648,299.61,177.55,33.07,124.06,1,-1,-1,-1
260,5627,431.28,183.12,23.31,73.66,1,-1,-1,-1
260,5591,162.84,173.65,80.47,190.65,1,-1,-1,-1
260,5551,774.29,168.79,35.35,88.22,1,-1,-1,-1
260,5537,336.49,180.60,53.12,122.96,1,-1,-1,-1
260,5515,744.66,169.81,29.93,87.77,1,-1,-1,-1
261,5654,379.56,171.88,41.23,109.94,1,-1,-1,-1
261,5648,286.05,175.99,35.58,133.71,1,-1,-1,-1
261,5627,427.21,181.87,24.24,76.72,1,-1,-1,-1
261,5551,788.48,166.92,36.30,92.60,1,-1,-1,-1
261,5537,324.27,180.05,55.26,131.24,1,-1,-1,-1
262,5662,571.18,174.75,11.76,39.49,1,-1,-1,-1
262,5660,585.51,174.12,11.52,27.81,1,-1,-1,-1
262,5654,370.76,169.45,48.18,117.34,1,-1,-1,-1
262,5648,270.53,173.33,38.34,143.55,1,-1,-1,-1
262,5627,424.75,181.30,24.62,78.82,1,-1,-1,-1
262,5551,804.89,164.74,37.80,97.00,1,-1,-1,-1
262,5537,307.83,179.45,59.87,143.12,1,-1,-1,-1
263,5662,575.69,173.81,12.48,41.05,1,-1,-1,-1
263,5660,590.79,174.05,12.26,29.83,1,-1,-1,-1
263,5654,362.72,170.60,51.73,122.08,1,-1,-1,-1
263,5648,250.98,172.32,40.88,154.41,1,-1,-1,-1
263,5627,421.33,180.08,25.18,81.93,1,-1,-1,-1
263,5537,282.27,181.32,64.66,156.65,1,-1,-1,-1
264,5667,507.86,178.39,11.79,27.36,1,-1,-1,-1
264,5666,811.61,158.27,45.17,122.41,1,-1,-1,-1
264,5662,580.90,174.16,12.22,40.66,1,-1,-1,-1
264,5660,595.83,175.55,12.70,31.01,1,-1,-1,-1
264,5654,352.99,173.88,56.85,127.21,1,-1,-1,-1
264,5648,231.24,170.98,42.80,166.15,1,-1,-1,-1
264,5627,414.53,178.13,28.52,86.40,1,-1,-1,-1
264,5537,254.65,182.33,69.20,170.89,1,-1,-1,-1
265,5675,447.58,181.97,13.93,40.67,1,-1,-1,-1
265,5667,511.47,176.55,10.85,27.65,1,-1,-1,-1
265,5666,831.95,158.40,49.89,130.15,1,-1,-1,-1
265,5662,585.86,174.96,12.25,40.77,1,-1,-1,-1
265,5660,601.75,174.60,12.04,27.76,1,-1,-1,-1
265,5654,343.04,173.88,61.30,134.51,1,-1,-1,-1
265,5648,208.88,169.12,57.97,195.03,1,-1,-1,-1
265,5627,408.81,177.80,32.15,90.70,1,-1,-1,-1
266,5681,901.94,155.49,63.23,144.86,1,-1,-1,-1
266,5675,446.84,180.81,15.30,44.59,1,-1,-1,-1
266,5666,854.98,154.99,52.80,139.44,1,-1,-1,-1
266,5662,589.89,174.77,12.09,40.93,1,-1,-1,-1
266,5660,606.26,175.17,12.11,27.53,1,-1,-1,-1
266,5654,330.18,173.98,65.70,144.33,1,-1,-1,-1
266,5627,401.89,178.90,36.80,94.05,1,-1,-1,-1
267,5682,578.76,176.72,7.83,19.70,1,-1,-1,-1
267,5681,931.44,155.54,67.17,152.34,1,-1,-1,-1
267,5675,447.56,179.13,15.84,46.82,1,-1,-1,-1
267,5666,881.04,153.93,55.10,147.97,1,-1,-1,-1
267,5662,593.84,174.83,12.38,41.70,1,-1,-1,-1
267,5660,610.42,174.91,12.30,27.16,1,-1,-1,-1
267,5654,314.26,176.34,69.92,155.67,1,-1,-1,-1
267,5627,394.33,178.12,42.13,99.14,1,-1,-1,-1
268,5684,430.68,173.37,16.19,46.33,1,-1,-1,-1
268,5681,968.75,150.34,76.11,165.74,1,-1,-1,-1
268,5675,447.46,178.21,15.57,47.43,1,-1,-1,-1
268,5666,909.80,150.46,58.13,159.22,1,-1,-1,-1
268,5662,597.77,173.46,13.05,43.56,1,-1,-1,-1
268,5660,613.62,177.07,13.51,32.97,1,-1,-1,-1
268,5654,292.22,180.00,74.49,167.07,1,-1,-1,-1
268,5627,385.57,177.11,46.24,102.87,1,-1,-1,-1
269,5684,429.67,173.34,16.97,49.83,1,-1,-1,-1
269,5681,1008.71,146.70,88.67,181.70,1,-1,-1,-1
269,5675,447.61,177.76,15.99,49.28,1,-1,-1,-1
269,5666,941.60,148.62,62.70,173.27,1,-1,-1,-1
269,5662,601.40,173.15,12.88,44.34,1,-1,-1,-1
269,5660,617.88,174.70,13.26,33.11,1,-1,-1,-1
269,5654,258.88,180.07,84.66,183.22,1,-1,-1,-1
269,5627,379.94,175.57,46.61,106.07,1,-1,-1,-1
270,5684,429.87,173.14,16.17,50.47,1,-1,-1,-1
270,5681,1059.68,144.21,101.27,199.93,1,-1,-1,-1
270,5675,446.75,177.65,15.84,50.11,1,-1,-1,-1
270,5666,980.28,146.18,70.01,191.46,1,-1,-1,-1
270,5662,604.01,172.13,14.12,46.54,1,-1,-1,-1
270,5660,621.57,173.21,13.05,32.15,1,-1,-1,-1
270,5654,216.77,177.75,93.42,195.26,1,-1,-1,-1
270,5627,370.97,176.78,47.16,109.87,1,-1,-1,-1
271,5692,521.35,174.20,11.65,30.97,1,-1,-1,-1
271,5684,427.88,172.66,17.10,53.76,1,-1,-1,-1
271,5681,1114.74,142.73,111.22,221.13,1,-1,-1,-1
271,5675,446.40,177.31,15.81,51.68,1,-1,-1,-1
271,5666,1026.44,144.93,78.49,213.00,1,-1,-1,-1
271,5662,607.30,171.13,14.42,47.84,1,-1,-1,-1
271,5660,625.76,172.47,12.81,31.29,1,-1,-1,-1
271,5654,153.39,172.06,110.69,206.43,1,-1,-1,-1
271,5627,360.72,178.34,48.99,113.80,1,-1,-1,-1
272,5692,523.04,174.13,11.94,31.34,1,-1,-1,-1
272,5685,514.85,177.08,9.59,26.91,1,-1,-1,-1
272,5684,426.40,171.56,19.21,57.48,1,-1,-1,-1
272,5681,1171.72,147.65,90.80,219.45,1,-1,-1,-1
272,5675,445.60,177.01,16.68,53.23,1,-1,-1,-1
272,5662,611.89,171.72,13.95,48.09,1,-1,-1,-1
272,5660,629.43,172.71,12.74,30.21,1,-1,-1,-1
272,5654,71.57,171.70,135.03,210.89,1,-1,-1,-1
272,5627,351.48,178.77,50.20,118.66,1,-1,-1,-1
273,5694,382.90,182.10,32.21,68.09,1,-1,-1,-1
273,5692,524.93,176.66,11.45,30.64,1,-1,-1,-1
273,5685,516.61,178.26,9.37,27.02,1,-1,-1,-1
273,5684,424.11,172.42,20.71,60.32,1,-1,-1,-1
273,5675,444.53,177.39,16.93,55.08,1,-1,-1,-1
273,5662,616.02,172.59,14.35,49.19,1,-1,-1,-1
273,5660,633.80,173.48,13.41,30.03,1,-1,-1,-1
273,5627,340.15,178.93,52.06,124.11,1,-1,-1,-1
274,5694,375.73,184.66,34.62,66.79,1,-1,-1,-1
274,5692,526.65,178.82,11.11,30.21,1,-1,-1,-1
274,5685,518.52,180.42,9.63,27.56,1,-1,-1,-1
274,5684,422.75,173.44,21.05,62.22,1,-1,-1,-1
274,5675,443.54,179.61,16.91,56.41,1,-1,-1,-1
274,5662,620.09,174.66,14.77,49.96,1,-1,-1,-1
274,5660,637.94,175.46,13.95,30.48,1,-1,-1,-1
274,5627,328.01,181.24,55.34,130.72,1,-1,-1,-1
275,5702,490.48,182.81,9.05,24.59,1,-1,-1,-1
275,5694,363.17,186.82,38.88,70.70,1,-1,-1,-1
275,5684,421.45,176.02,20.95,63.25,1,-1,-1,-1
275,5675,442.66,180.13,17.99,59.79,1,-1,-1,-1
275,5662,624.58,176.37,15.30,51.61,1,-1,-1,-1
275,5660,642.77,178.20,14.49,32.61,1,-1,-1,-1
275,5627,313.80,186.11,59.45,136.01,1,-1,-1,-1
276,5702,492.46,184.77,8.70,22.90,1,-1,-1,-1
276,5700,401.73,197.65,15.92,52.27,1,-1,-1,-1
276,5684,420.52,177.41,20.80,65.01,1,-1,-1,-1
276,5675,441.21,181.49,18.87,62.08,1,-1,-1,-1
276,5662,628.80,177.70,15.44,52.57,1,-1,-1,-1
276,5660,647.58,179.57,14.32,32.59,1,-1,-1,-1
276,5627,299.14,189.85,63.35,142.88,1,-1,-1,-1
277,5702,494.44,185.81,8.24,21.83,1,-1,-1,-1
277,5684,417.55,177.88,21.32,66.89,1,-1,-1,-1
277,5675,438.34,181.31,20.79,64.42,1,-1,-1,-1
277,5662,633.18,178.55,15.82,54.11,1,-1,-1,-1
277,5660,652.27,180.91,14.43,34.39,1,-1,-1,-1
277,5627,282.36,190.13,67.81,150.85,1,-1,-1,-1
278,5706,469.29,184.24,7.96,18.84,1,-1,-1,-1
278,5702,496.61,184.15,8.74,23.45,1,-1,-1,-1
278,5692,532.57,183.33,12.69,30.64,1,-1,-1,-1
278,5685,525.24,183.35,10.69,29.18,1,-1,-1,-1
278,5684,414.09,177.03,22.31,68.83,1,-1,-1,-1
278,5675,436.77,181.02,22.94,66.18,1,-1,-1,-1
278,5662,637.86,177.59,16.09,55.58,1,-1,-1,-1
278,5660,656.67,178.87,14.50,33.63,1,-1,-1,-1
278,5627,259.79,188.65,73.33,161.82,1,-1,-1,-1
279,5706,471.69,182.08,7.60,18.66,1,-1,-1,-1
279,5702,498.63,179.30,8.61,24.31,1,-1,-1,-1
279,5692,534.12,180.08,13.41,31.96,1,-1,-1,-1
279,5684,411.29,174.17,22.84,71.19,1,-1,-1,-1
279,5675,435.35,178.16,24.98,69.03,1,-1,-1,-1
279,5662,642.67,175.20,16.86,57.73,1,-1,-1,-1
279,5660,661.28,176.68,15.08,34.64,1,-1,-1,-1
279,5627,231.53,186.73,81.87,174.21,1,-1,-1,-1
280,5692,534.81,178.16,14.04,32.41,1,-1,-1,-1
280,5684,407.54,172.34,23.63,74.03,1,-1,-1,-1
280,5675,431.65,177.05,25.44,70.72,1,-1,-1,-1
280,5662,647.39,173.45,17.38,59.18,1,-1,-1,-1
280,5660,665.12,174.27,14.64,34.18,1,-1,-1,-1
280,5627,200.16,186.11,89.23,182.08,1,-1,-1,-1
281,5692,538.11,177.38,13.46,32.24,1,-1,-1,-1
281,5684,402.87,171.74,24.12,76.46,1,-1,-1,-1
281,5675,427.59,177.44,24.81,72.75,1,-1,-1,-1
281,5662,652.99,173.23,17.61,60.52,1,-1,-1,-1
281,5660,670.90,173.96,14.81,33.91,1,-1,-1,-1
281,5627,159.37,184.08,98.81,186.81,1,-1,-1,-1
282,5715,485.85,175.39,14.47,41.08,1,-1,-1,-1
282,5692,539.98,179.65,13.30,33.16,1,-1,-1,-1
282,5684,398.67,173.06,23.84,78.92,1,-1,-1,-1
282,5675,423.61,179.30,24.51,75.01,1,-1,-1,-1
282,5662,658.15,174.72,18.57,63.03,1,-1,-1,-1
282,5660,676.34,175.08,15.24,33.61,1,-1,-1,-1
282,5627,112.06,183.95,107.28,190.85,1,-1,-1,-1
283,5692,541.01,181.19,13.69,33.55,1,-1,-1,-1
283,5684,394.07,174.20,24.84,82.62,1,-1,-1,-1
283,5675,418.95,180.76,25.32,78.12,1,-1,-1,-1
283,5662,664.49,175.71,19.63,65.79,1,-1,-1,-1
283,5660,681.69,176.12,14.73,33.88,1,-1,-1,-1
283,5627,46.46,181.58,120.28,195.01,1,-1,-1,-1
284,5721,533.90,179.90,11.63,33.62,1,-1,-1,-1
284,5692,542.54,181.57,13.63,33.87,1,-1,-1,-1
284,5684,387.76,174.83,26.06,86.92,1,-1,-1,-1
284,5675,412.68,180.70,26.87,82.58,1,-1,-1,-1
284,5662,670.67,175.94,20.25,68.17,1,-1,-1,-1
284,5660,687.23,176.45,14.02,33.78,1,-1,-1,-1
284,5627,1.94,181.76,108.61,195.82,1,-1,-1,-1
285,5721,534.95,179.45,12.92,35.57,1,-1,-1,-1
285,5713,578.24,174.68,10.66,27.81,1,-1,-1,-1
285,5692,543.81,180.88,13.06,34.13,1,-1,-1,-1
285,5684,379.84,174.20,28.27,91.51,1,-1,-1,-1
285,5675,408.79,180.72,28.20,86.10,1,-1,-1,-1
285,5662,676.67,174.98,21.36,70.82,1,-1,-1,-1
285,5660,693.18,175.66,13.32,33.78,1,-1,-1,-1
286,5721,535.07,177.97,13.81,36.55,1,-1,-1,-1
286,5713,580.94,173.84,10.67,27.85,1,-1,-1,-1
286,5692,545.67,180.18,13.19,34.09,1,-1,-1,-1
286,5684,370.20,172.64,30.61,96.72,1,-1,-1,-1
286,5675,401.12,180.30,29.05,90.25,1,-1,-1,-1
286,5662,683.34,174.06,22.76,73.84,1,-1,-1,-1
286,5660,699.39,175.04,13.15,33.99,1,-1,-1,-1
287,5721,535.65,178.26,13.56,36.22,1,-1,-1,-1
287,5713,584.10,173.62,11.09,28.34,1,-1,-1,-1
287,5692,545.90,180.55,13.51,34.14,1,-1,-1,-1
287,5684,359.41,173.37,33.02,101.38,1,-1,-1,-1
287,5675,392.33,181.30,29.87,94.72,1,-1,-1,-1
287,5662,689.80,174.19,24.68,77.87,1,-1,-1,-1
287,5660,705.84,175.73,12.58,34.10,1,-1,-1,-1
288,5729,576.31,175.40,11.91,29.89,1,-1,-1,-1
288,5728,285.63,211.11,38.60,82.29,1,-1,-1,-1
288,5721,536.02,179.97,13.21,36.04,1,-1,-1,-1
288,5713,586.92,173.81,10.41,28.21,1,-1,-1,-1
288,5684,345.62,173.87,35.18,107.05,1,-1,-1,-1
288,5675,381.70,181.93,32.35,101.03,1,-1,-1,-1
288,5662,696.53,174.40,26.56,81.58,1,-1,-1,-1
288,5660,711.93,175.58,12.24,33.23,1,-1,-1,-1
289,5729,579.00,175.29,11.12,28.88,1,-1,-1,-1
289,5728,262.87,212.90,41.85,89.80,1,-1,-1,-1
289,5721,535.98,179.73,12.78,36.13,1,-1,-1,-1
289,5713,589.72,173.28,10.58,28.49,1,-1,-1,-1
289,5684,330.33,173.10,36.86,113.32,1,-1,-1,-1
289,5675,367.44,181.44,35.56,108.96,1,-1,-1,-1
289,5662,703.99,174.29,27.28,85.40,1,-1,-1,-1
290,5729,582.31,173.61,11.40,29.50,1,-1,-1,-1
290,5728,237.04,215.85,44.24,94.22,1,-1,-1,-1
290,5727,474.59,175.41,17.91,53.15,1,-1,-1,-1
290,5721,535.75,179.12,12.81,36.22,1,-1,-1,-1
290,5713,592.56,173.04,10.52,28.23,1,-1,-1,-1
290,5684,313.38,171.86,40.95,122.27,1,-1,-1,-1
290,5675,351.96,180.57,37.22,116.14,1,-1,-1,-1
290,5662,710.71,172.70,28.78,89.61,1,-1,-1,-1
291,5729,584.41,171.94,11.90,30.09,1,-1,-1,-1
291,5727,468.68,173.24,20.44,58.21,1,-1,-1,-1
291,5721,536.02,177.06,13.22,36.84,1,-1,-1,-1
291,5713,594.88,172.17,10.90,29.26,1,-1,-1,-1
291,5692,547.37,180.63,14.63,34.85,1,-1,-1,-1
291,5684,291.39,170.67,43.18,130.03,1,-1,-1,-1
291,5675,333.11,179.98,40.85,125.17,1,-1,-1,-1
291,5662,719.50,172.28,30.33,93.83,1,-1,-1,-1
292,5735,629.38,178.79,9.80,24.00,1,-1,-1,-1
292,5729,588.05,169.38,11.50,29.60,1,-1,-1,-1
292,5727,465.40,171.20,21.38,59.91,1,-1,-1,-1
292,5721,535.80,175.77,13.30,37.24,1,-1,-1,-1
292,5713,598.09,170.43,11.04,30.31,1,-1,-1,-1
292,5692,547.32,178.87,14.38,35.46,1,-1,-1,-1
292,5675,309.99,179.67,45.69,136.09,1,-1,-1,-1
292,5662,726.64,171.77,33.62,99.33,1,-1,-1,-1
293,5733,501.54,168.09,15.48,50.20,1,-1,-1,-1
293,5729,591.00,168.86,12.42,32.33,1,-1,-1,-1
293,5727,460.77,170.95,22.68,63.17,1,-1,-1,-1
293,5721,535.78,175.37,12.73,37.81,1,-1,-1,-1
293,5713,600.85,169.84,11.01,31.08,1,-1,-1,-1
293,5692,546.76,177.48,14.75,36.97,1,-1,-1,-1
293,5662,736.91,171.31,35.79,104.62,1,-1,-1,-1
294,5738,486.74,170.22,11.96,32.34,1,-1,-1,-1
294,5729,594.38,168.57,12.16,32.26,1,-1,-1,-1
294,5727,454.34,170.93,24.41,67.27,1,-1,-1,-1
294,5721,535.31,174.47,13.31,39.34,1,-1,-1,-1
294,5713,603.39,169.56,11.33,31.66,1,-1,-1,-1
294,5692,546.78,177.55,14.59,37.20,1,-1,-1,-1
294,5662,747.65,170.42,37.51,111.23,1,-1,-1,-1
295,5738,487.20,172.57,10.65,29.78,1,-1,-1,-1
295,5729,598.00,169.17,12.33,32.20,1,-1,-1,-1
295,5721,534.64,173.69,13.94,40.53,1,-1,-1,-1
295,5713,606.04,169.48,11.58,33.37,1,-1,-1,-1
295,5692,546.88,176.73,14.24,38.14,1,-1,-1,-1
295,5662,761.17,170.35,39.76,118.31,1,-1,-1,-1
296,5745,748.02,169.45,23.62,48.20,1,-1,-1,-1
296,5729,600.71,168.51,12.50,32.64,1,-1,-1,-1
296,5721,534.71,173.47,13.90,40.78,1,-1,-1,-1
296,5713,609.29,168.49,11.95,34.84,1,-1,-1,-1
296,5692,547.58,176.70,14.13,38.73,1,-1,-1,-1
296,5662,777.11,169.10,43.39,127.56,1,-1,-1,-1
297,5745,755.08,168.58,24.39,49.66,1,-1,-1,-1
297,5733,491.76,165.17,20.30,62.59,1,-1,-1,-1
297,5729,603.97,167.22,11.93,32.07,1,-1,-1,-1
297,5721,534.46,172.83,13.91,41.76,1,-1,-1,-1
297,5713,612.79,167.79,12.10,34.57,1,-1,-1,-1
297,5692,547.93,176.35,13.93,39.31,1,-1,-1,-1
297,5662,794.40,167.71,46.75,137.31,1,-1,-1,-1
298,5745,761.84,168.36,25.42,51.11,1,-1,-1,-1
298,5733,489.63,163.44,21.48,66.05,1,-1,-1,-1
298,5729,607.46,167.46,11.75,32.79,1,-1,-1,-1
298,5721,534.26,171.02,14.31,43.58,1,-1,-1,-1
298,5713,616.42,167.86,12.07,34.66,1,-1,-1,-1
298,5692,549.09,176.15,13.73,39.45,1,-1,-1,-1
298,5662,816.53,167.46,50.04,148.56,1,-1,-1,-1
299,5745,767.96,168.77,25.87,52.22,1,-1,-1,-1
299,5729,610.23,167.21,12.17,33.88,1,-1,-1,-1
299,5721,533.21,172.91,14.58,43.46,1,-1,-1,-1
299,5713,619.97,168.02,12.00,35.41,1,-1,-1,-1
299,5692,548.63,175.71,14.21,40.16,1,-1,-1,-1
299,5662,842.64,168.45,53.98,162.13,1,-1,-1,-1
300,5745,774.58,169.76,26.94,53.94,1,-1,-1,-1
300,5729,612.57,168.08,12.58,34.93,1,-1,-1,-1
300,5721,531.59,172.81,14.31,44.50,1,-1,-1,-1
300,5713,622.57,169.08,12.67,36.26,1,-1,-1,-1
300,5692,547.13,176.13,14.81,41.33,1,-1,-1,-1
300,5662,870.58,169.64,59.96,178.18,1,-1,-1,-1
301,5745,780.96,170.41,28.21,55.79,1,-1,-1,-1
301,5729,614.54,168.94,13.18,35.57,1,-1,-1,-1
301,5721,529.73,173.14,14.90,45.09,1,-1,-1,-1
301,5713,626.04,169.59,12.13,36.09,1,-1,-1,-1
301,5692,545.02,177.84,14.85,41.93,1,-1,-1,-1
301,5662,903.12,170.11,63.12,190.70,1,-1,-1,-1
302,5745,787.92,170.98,29.29,56.86,1,-1,-1,-1
302,5721,528.16,173.68,15.57,46.30,1,-1,-1,-1
302,5713,628.45,169.90,12.23,36.59,1,-1,-1,-1
302,5692,543.86,179.17,15.00,42.53,1,-1,-1,-1
303,5745,794.30,171.40,30.76,59.53,1,-1,-1,-1
303,5721,525.89,173.68,16.39,47.11,1,-1,-1,-1
303,5713,631.18,170.55,12.43,37.23,1,-1,-1,-1
303,5692,542.75,178.61,15.23,44.03,1,-1,-1,-1
304,5745,801.83,170.87,31.94,61.13,1,-1,-1,-1
304,5721,523.12,174.13,17.15,48.49,1,-1,-1,-1
304,5713,634.09,170.46,12.43,37.96,1,-1,-1,-1
304,5692,541.09,177.92,15.27,45.44,1,-1,-1,-1
305,5745,808.80,171.10,33.64,63.26,1,-1,-1,-1
305,5729,621.99,169.95,13.97,39.22,1,-1,-1,-1
305,5721,520.53,173.71,17.15,50.07,1,-1,-1,-1
305,5713,637.15,168.64,12.76,38.91,1,-1,-1,-1
305,5692,538.73,176.56,15.90,47.39,1,-1,-1,-1
306,5745,817.55,170.93,34.77,65.07,1,-1,-1,-1
306,5729,624.08,168.79,13.85,39.10,1,-1,-1,-1
306,5721,517.41,173.61,17.92,51.15,1,-1,-1,-1
306,5713,639.78,167.69,13.79,40.50,1,-1,-1,-1
306,5692,536.29,176.18,16.66,49.04,1,-1,-1,-1
307,5775,472.46,170.14,13.77,38.87,1,-1,-1,-1
307,5745,826.59,170.64,37.14,67.40,1,-1,-1,-1
307,5729,625.71,169.05,14.29,39.96,1,-1,-1,-1
307,5721,513.18,173.25,19.18,52.73,1,-1,-1,-1
307,5713,642.40,165.34,14.15,42.13,1,-1,-1,-1
307,5692,534.84,177.46,16.78,49.32,1,-1,-1,-1
308,5775,469.84,170.67,14.71,39.97,1,-1,-1,-1
308,5745,837.60,169.48,38.93,69.45,1,-1,-1,-1
308,5729,627.30,167.89,15.16,41.65,1,-1,-1,-1
308,5721,510.34,172.87,19.02,53.73,1,-1,-1,-1
308,5713,644.44,165.27,14.20,43.40,1,-1,-1,-1
308,5692,532.20,176.67,17.86,50.65,1,-1,-1,-1
309,5775,467.46,169.77,15.51,41.45,1,-1,-1,-1
309,5745,849.51,169.20,40.88,72.37,1,-1,-1,-1
309,5729,629.48,167.03,15.72,42.61,1,-1,-1,-1
309,5721,507.20,172.35,19.52,55.52,1,-1,-1,-1
309,5692,529.70,175.88,17.66,51.75,1,-1,-1,-1
310,5775,464.71,170.43,16.09,42.27,1,-1,-1,-1
310,5745,860.62,169.35,42.80,75.76,1,-1,-1,-1
310,5729,632.25,168.73,16.35,42.98,1,-1,-1,-1
310,5721,504.97,173.85,20.47,56.84,1,-1,-1,-1
310,5692,526.63,177.27,18.61,52.94,1,-1,-1,-1
311,5775,461.91,171.14,15.21,41.87,1,-1,-1,-1
311,5745,873.25,169.55,46.06,79.33,1,-1,-1,-1
311,5729,635.04,170.04,16.51,43.85,1,-1,-1,-1
311,5721,502.31,174.60,21.30,58.41,1,-1,-1,-1
311,5692,522.98,179.33,19.79,53.93,1,-1,-1,-1
312,5775,459.40,171.77,16.13,44.05,1,-1,-1,-1
312,5745,888.11,170.44,45.87,82.43,1,-1,-1,-1
312,5729,637.88,170.97,17.64,45.21,1,-1,-1,-1
312,5721,499.83,175.73,21.53,60.14,1,-1,-1,-1
312,5713,658.97,169.78,14.51,44.94,1,-1,-1,-1
312,5692,519.62,180.44,20.48,55.45,1,-1,-1,-1
313,5775,456.60,170.59,17.85,46.88,1,-1,-1,-1
313,5745,905.31,169.66,48.38,86.49,1,-1,-1,-1
313,5729,641.39,170.70,17.88,45.87,1,-1,-1,-1
313,5721,496.41,175.31,21.99,62.16,1,-1,-1,-1
313,5713,663.38,168.90,14.66,43.53,1,-1,-1,-1
313,5692,516.06,179.60,21.79,57.23,1,-1,-1,-1
314,5789,541.81,180.27,8.69,21.19,1,-1,-1,-1
314,5775,453.46,170.18,17.59,47.04,1,-1,-1,-1
314,5745,922.36,167.68,51.33,91.87,1,-1,-1,-1
314,5729,643.97,170.23,18.48,47.13,1,-1,-1,-1
314,5721,493.33,173.56,22.76,64.86,1,-1,-1,-1
314,5713,667.71,169.51,15.30,45.65,1,-1,-1,-1
314,5692,513.01,178.78,22.87,58.98,1,-1,-1,-1
315,5775,450.42,169.18,18.94,48.11,1,-1,-1,-1
315,5745,943.11,166.40,54.59,97.14,1,-1,-1,-1
315,5729,646.84,167.49,19.14,49.60,1,-1,-1,-1
315,5721,489.52,170.82,23.23,67.09,1,-1,-1,-1
315,5713,671.81,168.10,16.27,47.11,1,-1,-1,-1
315,5692,510.03,177.60,23.98,60.78,1,-1,-1,-1
316,5781,596.22,173.82,8.45,17.95,1,-1,-1,-1
316,5775,445.77,167.53,19.00,48.75,1,-1,-1,-1
316,5745,965.79,163.64,58.44,103.28,1,-1,-1,-1
316,5729,649.85,164.52,19.96,51.76,1,-1,-1,-1
316,5721,485.57,169.25,23.78,68.82,1,-1,-1,-1
316,5713,675.68,166.48,16.05,47.97,1,-1,-1,-1
316,5692,506.27,175.87,24.32,61.96,1,-1,-1,-1
317,5775,441.83,166.15,20.22,50.47,1,-1,-1,-1
317,5745,990.37,161.38,61.66,109.16,1,-1,-1,-1
317,5729,651.84,164.28,19.94,52.44,1,-1,-1,-1
317,5721,480.67,168.95,24.49,70.36,1,-1,-1,-1
317,5713,679.61,165.05,16.40,49.23,1,-1,-1,-1
317,5692,503.11,175.26,24.46,63.74,1,-1,-1,-1
318,5775,436.55,166.85,20.96,51.68,1,-1,-1,-1
318,5745,1018.92,161.91,65.88,115.38,1,-1,-1,-1
318,5729,655.70,163.93,19.52,53.93,1,-1,-1,-1
318,5721,474.75,169.39,25.69,72.89,1,-1,-1,-1
318,5713,684.23,165.31,17.41,51.98,1,-1,-1,-1
318,5692,500.09,174.96,25.56,65.68,1,-1,-1,-1
319,5775,430.90,167.50,21.12,53.27,1,-1,-1,-1
319,5745,1051.77,161.88,71.03,122.53,1,-1,-1,-1
319,5729,660.71,163.51,19.77,55.68,1,-1,-1,-1
319,5721,468.94,170.59,27.03,74.92,1,-1,-1,-1
319,5713,687.32,164.92,17.40,52.99,1,-1,-1,-1
319,5692,496.06,176.49,27.23,67.90,1,-1,-1,-1
320,5775,426.28,169.62,20.99,54.65,1,-1,-1,-1
320,5745,1088.97,163.96,76.63,131.34,1,-1,-1,-1
320,5729,664.96,167.06,19.63,55.73,1,-1,-1,-1
320,5721,462.94,172.80,28.06,77.67,1,-1,-1,-1
320,5713,692.43,167.21,17.68,54.38,1,-1,-1,-1
320,5692,491.17,178.77,27.88,70.68,1,-1,-1,-1
321,5775,421.72,171.31,21.46,56.10,1,-1,-1,-1
321,5745,1132.36,164.23,81.04,141.48,1,-1,-1,-1
321,5729,669.13,167.18,20.20,57.29,1,-1,-1,-1
321,5721,456.34,174.33,29.51,80.76,1,-1,-1,-1
321,5713,697.28,168.00,18.29,54.69,1,-1,-1,-1
321,5692,486.46,181.04,28.77,72.15,1,-1,-1,-1
322,5805,600.61,177.41,8.39,17.72,1,-1,-1,-1
322,5775,415.63,171.19,22.75,57.89,1,-1,-1,-1
322,5745,1175.49,158.92,70.77,149.73,1,-1,-1,-1
322,5729,673.05,167.68,20.17,58.54,1,-1,-1,-1
322,5721,450.72,174.97,30.84,83.48,1,-1,-1,-1
322,5713,704.03,167.16,18.96,56.77,1,-1,-1,-1
322,5692,482.98,182.73,29.80,74.12,1,-1,-1,-1
323,5805,601.51,174.45,8.82,18.84,1,-1,-1,-1
323,5775,410.18,169.23,24.50,60.60,1,-1,-1,-1
323,5729,678.88,165.61,21.51,60.90,1,-1,-1,-1
323,5721,444.73,174.87,31.92,86.47,1,-1,-1,-1
323,5713,711.12,165.15,19.75,58.81,1,-1,-1,-1
323,5692,477.61,182.59,28.52,75.91,1,-1,-1,-1
324,5807,827.47,172.00,22.82,49.73,1,-1,-1,-1
324,5805,603.63,173.90,8.45,18.53,1,-1,-1,-1
324,5775,403.67,168.17,25.38,62.51,1,-1,-1,-1
324,5729,684.30,163.52,22.62,63.44,1,-1,-1,-1
324,5721,439.08,173.41,32.84,89.21,1,-1,-1,-1
324,5713,717.84,164.02,20.59,62.52,1,-1,-1,-1
324,5692,474.01,182.46,29.95,78.47,1,-1,-1,-1
325,5807,832.42,174.61,23.66,49.61,1,-1,-1,-1
325,5775,397.24,168.34,26.74,65.04,1,-1,-1,-1
325,5729,689.56,164.28,24.34,65.72,1,-1,-1,-1
325,5721,432.78,173.70,34.33,92.77,1,-1,-1,-1
325,5713,724.11,163.61,21.56,65.77,1,-1,-1,-1
325,5692,470.53,183.96,30.69,81.16,1,-1,-1,-1
326,5775,389.74,169.77,28.55,67.32,1,-1,-1,-1
326,5729,695.85,165.33,25.58,67.99,1,-1,-1,-1
326,5721,425.43,173.89,36.12,96.99,1,-1,-1,-1
326,5713,730.93,163.10,22.88,68.70,1,-1,-1,-1
326,5692,464.76,184.10,32.54,85.48,1,-1,-1,-1
327,5775,381.94,171.20,28.74,68.73,1,-1,-1,-1
327,5729,702.77,166.33,26.60,70.38,1,-1,-1,-1
327,5721,416.69,175.81,39.18,101.50,1,-1,-1,-1
327,5713,738.33,164.42,23.91,71.79,1,-1,-1,-1
327,5692,458.22,188.10,34.50,88.11,1,-1,-1,-1
328,5775,373.61,172.27,29.82,70.94,1,-1,-1,-1
328,5729,709.74,165.12,26.61,73.39,1,-1,-1,-1
328,5721,407.17,177.41,39.54,105.87,1,-1,-1,-1
328,5713,744.64,163.84,24.49,75.08,1,-1,-1,-1
328,5692,448.54,184.47,38.62,95.62,1,-1,-1,-1
329,5807,857.67,178.65,26.38,54.02,1,-1,-1,-1
329,5775,362.91,171.94,30.78,73.82,1,-1,-1,-1
329,5729,715.63,163.66,27.99,74.58,1,-1,-1,-1
329,5721,395.38,177.66,41.12,111.11,1,-1,-1,-1
329,5713,752.07,162.22,25.57,78.02,1,-1,-1,-1
329,5692,442.13,184.76,40.65,100.48,1,-1,-1,-1
330,5807,865.41,179.58,26.57,55.28,1,-1,-1,-1
330,5775,351.55,172.07,32.10,77.37,1,-1,-1,-1
330,5729,721.70,164.43,28.54,78.31,1,-1,-1,-1
330,5721,382.10,176.95,42.05,117.03,1,-1,-1,-1
330,5713,759.87,161.81,26.59,81.36,1,-1,-1,-1
330,5692,430.83,184.16,43.76,106.82,1,-1,-1,-1
331,5818,606.38,176.89,8.67,19.76,1,-1,-1,-1
331,5807,868.93,179.66,29.54,57.61,1,-1,-1,-1
331,5775,337.73,171.58,31.92,80.70,1,-1,-1,-1
331,5729,728.42,164.09,29.81,82.73,1,-1,-1,-1
331,5721,367.58,177.39,44.01,123.18,1,-1,-1,-1
331,5713,768.35,161.64,28.33,85.32,1,-1,-1,-1
331,5692,417.88,186.95,46.10,112.80,1,-1,-1,-1
332,5818,604.15,177.76,8.49,19.60,1,-1,-1,-1
332,5775,323.47,172.18,32.02,84.54,1,-1,-1,-1
332,5729,733.93,164.29,29.31,86.44,1,-1,-1,-1
332,5721,349.48,177.85,47.21,129.79,1,-1,-1,-1
332,5713,776.27,161.34,30.14,87.21,1,-1,-1,-1
332,5692,402.49,187.43,49.37,120.71,1,-1,-1,-1
333,5818,601.86,178.83,8.50,19.12,1,-1,-1,-1
333,5775,306.92,173.27,32.29,88.93,1,-1,-1,-1
333,5729,740.80,164.49,31.04,90.63,1,-1,-1,-1
333,5721,330.71,181.17,50.88,138.04,1,-1,-1,-1
333,5713,785.33,162.54,33.90,92.47,1,-1,-1,-1
333,5692,384.82,187.77,51.31,128.97,1,-1,-1,-1
334,5818,600.44,179.24,8.41,18.81,1,-1,-1,-1
334,5775,289.31,174.57,32.99,96.01,1,-1,-1,-1
334,5729,747.44,164.26,32.62,94.87,1,-1,-1,-1
334,5721,311.26,182.01,53.25,146.81,1,-1,-1,-1
334,5713,793.64,162.11,35.43,97.47,1,-1,-1,-1
334,5692,365.66,186.76,53.86,137.41,1,-1,-1,-1
335,5818,598.98,179.65,8.47,18.70,1,-1,-1,-1
335,5729,754.78,164.30,34.82,99.49,1,-1,-1,-1
335,5721,287.63,181.22,58.03,156.48,1,-1,-1,-1
335,5713,803.08,161.98,36.35,102.02,1,-1,-1,-1
335,5692,345.29,187.91,56.87,146.08,1,-1,-1,-1
336,5818,597.84,180.57,8.03,18.23,1,-1,-1,-1
336,5729,763.47,163.38,36.37,105.18,1,-1,-1,-1
336,5721,261.32,181.19,62.83,167.15,1,-1,-1,-1
336,5713,815.03,161.28,37.70,107.79,1,-1,-1,-1
336,5692,323.29,190.86,60.08,156.40,1,-1,-1,-1
337,5818,596.60,179.45,8.00,18.52,1,-1,-1,-1
337,5729,772.98,162.31,38.25,110.58,1,-1,-1,-1
337,5721,231.01,185.14,65.77,175.12,1,-1,-1,-1
337,5713,830.33,158.78,38.10,113.83,1,-1,-1,-1
337,5692,296.42,193.30,62.74,166.27,1,-1,-1,-1
338,5826,972.68,166.93,37.00,90.18,1,-1,-1,-1
338,5818,595.45,178.75,7.85,18.35,1,-1,-1,-1
338,5807,935.66,180.17,36.08,80.87,1,-1,-1,-1
338,5729,784.92,160.47,42.42,117.78,1,-1,-1,-1
338,5721,198.10,183.97,70.67,183.44,1,-1,-1,-1
338,5713,847.00,158.96,40.99,122.65,1,-1,-1,-1
338,5692,267.40,192.19,66.03,173.83,1,-1,-1,-1
339,5826,986.07,167.39,40.10,93.89,1,-1,-1,-1
339,5818,593.46,177.23,8.02,18.74,1,-1,-1,-1
339,5807,949.39,180.57,37.44,85.80,1,-1,-1,-1
339,5729,796.83,158.60,45.18,125.14,1,-1,-1,-1
339,5721,158.04,180.71,76.90,190.69,1,-1,-1,-1
339,5713,863.91,156.53,41.95,128.22,1,-1,-1,-1
339,5692,232.87,188.39,70.63,181.58,1,-1,-1,-1
340,5826,1001.75,167.27,40.24,94.05,1,-1,-1,-1
340,5818,592.10,172.55,8.23,20.54,1,-1,-1,-1
340,5729,810.11,156.61,47.80,133.50,1,-1,-1,-1
340,5713,885.03,154.05,44.91,134.64,1,-1,-1,-1
340,5692,194.28,186.46,75.66,186.52,1,-1,-1,-1
