1,5844,538.47,147.01,9.81,34.18,1,-1,-1,-1
1,5843,483.22,143.88,18.96,57.31,1,-1,-1,-1
1,5842,563.04,144.92,16.97,46.78,1,-1,-1,-1
1,5841,525.93,140.04,16.83,52.06,1,-1,-1,-1
1,5840,545.18,146.85,17.13,43.96,1,-1,-1,-1
1,5839,467.11,144.47,79.90,188.72,1,-1,-1,-1
1,5838,388.88,153.55,101.44,204.88,1,-1,-1,-1
2,5844,533.60,129.97,15.16,54.62,1,-1,-1,-1
2,5843,478.68,143.69,24.49,62.38,1,-1,-1,-1
2,5842,563.07,143.94,17.75,48.10,1,-1,-1,-1
2,5840,545.18,146.36,17.49,43.79,1,-1,-1,-1
2,5839,494.82,151.36,57.58,170.29,1,-1,-1,-1
2,5838,391.85,152.30,107.93,206.96,1,-1,-1,-1
3,5847,463.73,163.11,73.20,189.61,1,-1,-1,-1
3,5846,509.58,139.24,17.38,34.75,1,-1,-1,-1
3,5845,558.33,145.37,13.26,39.23,1,-1,-1,-1
3,5843,484.24,144.57,22.09,56.66,1,-1,-1,-1
3,5840,546.20,146.77,15.39,40.88,1,-1,-1,-1
3,5839,509.11,148.49,59.26,178.44,1,-1,-1,-1
3,5838,414.42,158.65,89.83,191.83,1,-1,-1,-1
4,5839,518.62,145.73,64.37,191.13,1,-1,-1,-1
4,5838,437.57,163.93,73.84,182.28,1,-1,-1,-1
5,5839,523.58,143.83,74.58,204.20,1,-1,-1,-1
6,5839,526.97,142.90,83.55,213.01,1,-1,-1,-1
7,5847,464.35,147.12,95.75,222.07,1,-1,-1,-1
7,5839,537.45,143.40,80.97,213.55,1,-1,-1,-1
8,5847,481.16,150.29,98.07,220.91,1,-1,-1,-1
8,5839,555.77,144.97,70.97,207.72,1,-1,-1,-1
9,5847,498.50,150.68,85.94,216.12,1,-1,-1,-1
9,5839,571.95,143.42,66.42,205.33,1,-1,-1,-1
10,5852,508.15,149.00,13.68,28.20,1,-1,-1,-1
10,5851,494.67,144.40,23.86,62.99,1,-1,-1,-1
10,5847,514.85,150.35,81.87,215.45,1,-1,-1,-1
10,5839,582.99,141.23,72.74,212.10,1,-1,-1,-1
11,5851,495.42,143.17,25.17,65.32,1,-1,-1,-1
11,5847,528.54,148.56,89.20,221.82,1,-1,-1,-1
11,5839,597.52,141.10,82.38,217.64,1,-1,-1,-1
12,5854,516.67,139.94,20.17,56.98,1,-1,-1,-1
12,5851,498.06,144.33,23.03,62.95,1,-1,-1,-1
12,5847,537.59,151.17,96.03,218.54,1,-1,-1,-1
12,5839,602.37,142.17,88.24,221.01,1,-1,-1,-1
13,5854,515.95,139.42,19.94,58.14,1,-1,-1,-1
13,5851,498.87,145.25,23.22,63.03,1,-1,-1,-1
13,5847,545.90,149.23,99.07,221.90,1,-1,-1,-1
13,5839,619.55,142.83,81.68,220.46,1,-1,-1,-1
14,5857,540.50,148.21,20.60,47.30,1,-1,-1,-1
14,5854,515.33,138.76,19.75,58.54,1,-1,-1,-1
14,5851,500.34,145.50,23.32,63.12,1,-1,-1,-1
14,5847,562.82,149.69,93.56,220.85,1,-1,-1,-1
14,5839,632.29,143.82,74.12,219.04,1,-1,-1,-1
15,5859,473.22,141.44,17.77,44.76,1,-1,-1,-1
15,5858,570.94,146.82,16.62,49.42,1,-1,-1,-1
15,5857,540.07,148.94,19.73,47.34,1,-1,-1,-1
15,5854,516.67,138.84,18.27,56.09,1,-1,-1,-1
15,5851,503.23,144.84,24.07,63.94,1,-1,-1,-1
15,5847,585.70,148.09,87.39,220.62,1,-1,-1,-1
15,5839,646.60,142.31,72.83,220.46,1,-1,-1,-1
16,5859,470.00,142.47,16.85,43.46,1,-1,-1,-1
16,5858,569.19,142.88,18.64,53.76,1,-1,-1,-1
16,5857,538.77,147.84,21.25,50.53,1,-1,-1,-1
16,5856,495.73,143.16,12.55,40.82,1,-1,-1,-1
16,5854,518.39,139.51,16.66,54.06,1,-1,-1,-1
16,5851,505.51,144.03,24.02,64.46,1,-1,-1,-1
16,5847,595.23,147.72,93.04,223.19,1,-1,-1,-1
16,5839,658.96,142.74,77.08,223.69,1,-1,-1,-1
17,5859,467.25,144.58,16.11,43.91,1,-1,-1,-1
17,5858,568.93,145.27,18.60,52.38,1,-1,-1,-1
17,5857,539.25,147.12,21.57,51.87,1,-1,-1,-1
17,5856,495.22,143.23,13.15,40.39,1,-1,-1,-1
17,5854,519.36,138.61,15.71,50.92,1,-1,-1,-1
17,5851,507.13,145.30,23.35,64.69,1,-1,-1,-1
17,5847,597.58,149.00,99.45,223.80,1,-1,-1,-1
17,5839,667.42,143.40,83.25,224.90,1,-1,-1,-1
18,5860,309.82,137.45,85.92,189.58,1,-1,-1,-1
18,5859,465.06,144.55,17.14,45.86,1,-1,-1,-1
18,5858,570.99,146.51,17.55,51.24,1,-1,-1,-1
18,5857,539.76,146.44,21.59,52.57,1,-1,-1,-1
18,5854,520.69,138.59,16.33,50.64,1,-1,-1,-1
18,5851,509.37,146.08,22.98,64.64,1,-1,-1,-1
18,5847,603.06,150.49,102.23,223.02,1,-1,-1,-1
18,5839,679.21,142.83,84.08,225.99,1,-1,-1,-1
19,5860,323.29,137.92,92.39,192.65,1,-1,-1,-1
19,5859,462.82,144.05,18.93,47.86,1,-1,-1,-1
19,5858,571.15,146.35,17.92,51.64,1,-1,-1,-1
19,5857,540.41,146.78,22.07,51.60,1,-1,-1,-1
19,5854,521.36,134.89,15.32,42.00,1,-1,-1,-1
19,5851,510.66,146.42,23.03,64.79,1,-1,-1,-1
19,5847,619.71,150.65,100.98,222.27,1,-1,-1,-1
19,5839,690.20,143.31,82.09,226.95,1,-1,-1,-1
20,5865,486.92,143.87,16.35,38.83,1,-1,-1,-1
20,5863,275.45,124.92,70.00,213.58,1,-1,-1,-1
20,5860,331.33,138.43,94.64,194.10,1,-1,-1,-1
20,5859,457.98,143.40,20.73,49.43,1,-1,-1,-1
20,5858,571.60,147.19,18.33,51.53,1,-1,-1,-1
20,5851,512.22,144.92,23.47,66.13,1,-1,-1,-1
20,5847,643.22,150.45,94.49,221.11,1,-1,-1,-1
20,5839,706.47,143.10,76.53,227.00,1,-1,-1,-1
21,5865,485.53,143.59,17.07,40.53,1,-1,-1,-1
21,5863,277.36,131.20,76.41,216.96,1,-1,-1,-1
21,5860,340.86,142.81,90.77,190.90,1,-1,-1,-1
21,5859,454.07,142.98,21.36,49.86,1,-1,-1,-1
21,5858,573.15,147.33,18.74,52.32,1,-1,-1,-1
21,5851,514.26,145.27,23.88,66.52,1,-1,-1,-1
21,5847,664.19,148.84,89.56,221.21,1,-1,-1,-1
21,5839,725.84,142.10,76.17,228.32,1,-1,-1,-1
22,5867,1025.48,139.45,109.65,240.66,1,-1,-1,-1
22,5865,484.48,143.62,16.46,40.17,1,-1,-1,-1
22,5863,287.55,131.96,75.60,217.48,1,-1,-1,-1
22,5860,363.22,142.80,80.44,186.37,1,-1,-1,-1
22,5859,449.44,143.59,21.99,49.88,1,-1,-1,-1
22,5858,573.51,146.74,19.77,53.94,1,-1,-1,-1
22,5851,514.57,142.57,25.17,68.77,1,-1,-1,-1
22,5847,681.32,149.22,91.73,221.40,1,-1,-1,-1
22,5839,733.87,140.30,84.91,231.31,1,-1,-1,-1
23,5867,992.87,143.04,121.54,239.17,1,-1,-1,-1
23,5865,484.33,144.50,15.66,39.35,1,-1,-1,-1
23,5863,295.46,131.04,74.30,215.83,1,-1,-1,-1
23,5860,382.67,145.50,79.06,186.19,1,-1,-1,-1
23,5859,445.04,143.22,23.34,50.37,1,-1,-1,-1
23,5858,574.05,146.74,20.78,54.26,1,-1,-1,-1
23,5857,542.57,145.78,20.24,53.22,1,-1,-1,-1
23,5851,515.73,140.59,25.81,70.73,1,-1,-1,-1
23,5847,694.00,150.53,96.56,221.29,1,-1,-1,-1
23,5839,741.95,138.04,95.55,234.28,1,-1,-1,-1
24,5870,503.47,144.71,14.78,37.73,1,-1,-1,-1
24,5867,956.91,145.13,124.42,235.07,1,-1,-1,-1
24,5865,483.27,144.62,14.94,38.73,1,-1,-1,-1
24,5863,313.81,128.46,72.24,216.35,1,-1,-1,-1
24,5860,396.97,148.77,79.52,185.67,1,-1,-1,-1
24,5858,574.10,146.94,22.33,54.85,1,-1,-1,-1
24,5857,543.82,145.95,19.49,52.57,1,-1,-1,-1
24,5851,516.96,142.41,25.72,70.69,1,-1,-1,-1
24,5847,701.56,149.16,100.80,222.45,1,-1,-1,-1
24,5839,762.14,138.28,93.33,234.17,1,-1,-1,-1
25,5870,503.09,144.54,14.64,38.25,1,-1,-1,-1
25,5867,932.07,146.09,114.24,225.30,1,-1,-1,-1
25,5865,482.56,144.70,14.66,38.16,1,-1,-1,-1
25,5863,325.74,126.85,74.65,219.57,1,-1,-1,-1
25,5860,405.86,151.59,81.93,186.08,1,-1,-1,-1
25,5858,574.24,147.68,23.02,54.89,1,-1,-1,-1
25,5857,544.18,146.91,18.47,51.53,1,-1,-1,-1
25,5851,518.80,143.69,26.32,70.65,1,-1,-1,-1
25,5847,720.31,147.46,96.20,222.90,1,-1,-1,-1
25,5839,786.27,139.17,83.90,232.86,1,-1,-1,-1
26,5870,502.43,141.83,16.71,41.74,1,-1,-1,-1
26,5867,911.30,148.78,105.71,221.12,1,-1,-1,-1
26,5865,481.74,144.67,14.31,37.96,1,-1,-1,-1
26,5863,335.06,128.10,80.84,222.81,1,-1,-1,-1
26,5860,417.44,150.08,84.07,187.80,1,-1,-1,-1
26,5858,574.98,148.02,22.85,54.35,1,-1,-1,-1
26,5857,543.50,146.53,18.12,51.58,1,-1,-1,-1
26,5851,521.74,144.00,25.66,70.82,1,-1,-1,-1
26,5847,744.80,145.54,95.35,224.29,1,-1,-1,-1
26,5839,799.92,137.63,83.57,233.78,1,-1,-1,-1
27,5870,501.37,141.73,17.00,42.06,1,-1,-1,-1
27,5867,874.55,143.75,120.62,229.47,1,-1,-1,-1
27,5865,481.63,144.20,14.17,37.61,1,-1,-1,-1
27,5863,343.84,130.14,85.86,223.87,1,-1,-1,-1
27,5860,436.44,148.33,76.85,186.48,1,-1,-1,-1
27,5858,576.54,148.11,22.53,54.11,1,-1,-1,-1
27,5857,544.07,146.79,17.96,52.63,1,-1,-1,-1
27,5851,524.71,144.84,24.61,70.47,1,-1,-1,-1
27,5847,754.22,144.63,97.41,225.58,1,-1,-1,-1
27,5839,821.85,137.17,87.98,233.88,1,-1,-1,-1
28,5870,498.66,141.23,18.86,43.48,1,-1,-1,-1
28,5867,855.84,145.30,129.53,230.08,1,-1,-1,-1
28,5863,360.25,129.72,83.07,222.69,1,-1,-1,-1
28,5860,452.70,149.25,72.03,184.88,1,-1,-1,-1
28,5858,579.01,149.01,21.42,54.17,1,-1,-1,-1
28,5857,544.92,148.10,17.68,53.73,1,-1,-1,-1
28,5851,525.73,145.97,24.89,70.32,1,-1,-1,-1
28,5847,762.86,145.45,108.49,226.26,1,-1,-1,-1
28,5839,837.72,140.57,83.61,231.25,1,-1,-1,-1
29,5870,491.89,142.07,19.04,42.09,1,-1,-1,-1
29,5867,843.37,142.83,122.42,229.31,1,-1,-1,-1
29,5863,369.89,130.03,79.18,224.04,1,-1,-1,-1
29,5860,468.07,153.53,78.48,184.96,1,-1,-1,-1
29,5858,581.22,149.09,20.91,54.42,1,-1,-1,-1
29,5857,546.20,148.05,17.23,54.07,1,-1,-1,-1
29,5851,527.99,146.24,24.46,70.09,1,-1,-1,-1
29,5847,773.21,146.87,115.00,225.70,1,-1,-1,-1
30,5870,491.63,142.88,16.67,39.78,1,-1,-1,-1
30,5863,377.17,131.00,77.42,227.33,1,-1,-1,-1
30,5860,475.50,149.59,84.71,192.86,1,-1,-1,-1
30,5858,582.25,148.64,21.58,55.61,1,-1,-1,-1
30,5857,547.29,148.18,16.54,54.55,1,-1,-1,-1
30,5851,530.11,145.15,24.70,70.82,1,-1,-1,-1
30,5847,795.73,147.34,113.90,225.09,1,-1,-1,-1
31,5870,492.64,142.66,16.28,40.47,1,-1,-1,-1
31,5865,474.20,144.54,15.67,39.05,1,-1,-1,-1
31,5863,388.14,129.49,83.71,230.26,1,-1,-1,-1
31,5860,482.13,146.00,86.52,196.21,1,-1,-1,-1
31,5858,583.29,148.48,21.78,56.18,1,-1,-1,-1
31,5857,547.66,147.25,15.83,54.66,1,-1,-1,-1
31,5851,534.86,143.27,23.51,68.05,1,-1,-1,-1
31,5847,824.11,146.79,111.32,225.01,1,-1,-1,-1
32,5877,500.03,142.53,14.62,39.74,1,-1,-1,-1
32,5870,490.71,143.65,15.42,39.96,1,-1,-1,-1
32,5865,473.38,143.94,16.68,40.06,1,-1,-1,-1
32,5863,399.16,130.95,89.79,233.79,1,-1,-1,-1
32,5860,497.66,153.04,78.77,192.96,1,-1,-1,-1
32,5858,583.76,148.52,22.09,56.96,1,-1,-1,-1
32,5857,549.40,140.71,15.49,50.10,1,-1,-1,-1
32,5851,539.79,142.47,22.40,57.06,1,-1,-1,-1
32,5847,850.18,143.11,115.13,227.49,1,-1,-1,-1
32,5839,914.45,130.84,86.08,222.17,1,-1,-1,-1
33,5879,567.71,143.73,18.69,57.82,1,-1,-1,-1
33,5870,489.76,144.42,14.80,39.47,1,-1,-1,-1
33,5867,737.24,155.48,110.17,208.32,1,-1,-1,-1
33,5865,472.12,141.51,16.59,41.41,1,-1,-1,-1
33,5863,411.32,131.07,84.82,234.87,1,-1,-1,-1
33,5860,518.56,151.95,73.24,195.02,1,-1,-1,-1
33,5858,585.68,148.74,21.83,56.87,1,-1,-1,-1
33,5847,871.46,145.28,118.37,226.68,1,-1,-1,-1
33,5839,927.06,136.74,89.33,224.81,1,-1,-1,-1
34,5867,720.76,156.76,95.14,202.20,1,-1,-1,-1
34,5863,423.18,130.61,80.97,234.16,1,-1,-1,-1
34,5860,536.53,151.76,74.64,199.06,1,-1,-1,-1
34,5858,586.08,148.70,21.92,57.13,1,-1,-1,-1
34,5847,889.02,147.20,118.67,225.43,1,-1,-1,-1
34,5839,948.15,137.91,94.49,228.52,1,-1,-1,-1
35,5880,523.39,139.90,26.39,62.18,1,-1,-1,-1
35,5867,700.30,158.14,94.64,197.20,1,-1,-1,-1
35,5863,441.40,131.21,80.32,234.26,1,-1,-1,-1
35,5860,548.28,154.53,80.43,201.72,1,-1,-1,-1
35,5858,588.67,146.52,21.06,55.12,1,-1,-1,-1
35,5839,951.72,139.29,110.55,230.70,1,-1,-1,-1
36,5880,523.21,139.05,25.94,66.33,1,-1,-1,-1
36,5867,678.31,160.18,101.38,195.68,1,-1,-1,-1
36,5863,457.94,130.19,81.05,235.70,1,-1,-1,-1
36,5860,556.22,153.47,85.27,204.26,1,-1,-1,-1
36,5851,543.57,147.08,23.90,64.60,1,-1,-1,-1
36,5839,964.46,137.69,122.38,233.22,1,-1,-1,-1
37,5880,526.69,140.20,22.53,65.56,1,-1,-1,-1
37,5867,664.84,159.56,101.14,192.12,1,-1,-1,-1
37,5863,470.22,131.45,85.94,236.01,1,-1,-1,-1
37,5860,577.63,153.13,82.04,206.62,1,-1,-1,-1
37,5851,546.10,147.21,24.84,68.22,1,-1,-1,-1
37,5839,972.39,137.64,124.34,233.91,1,-1,-1,-1
38,5867,644.66,158.42,91.17,190.30,1,-1,-1,-1
38,5863,477.59,130.47,87.05,238.20,1,-1,-1,-1
38,5860,591.50,150.96,78.35,208.25,1,-1,-1,-1
38,5851,549.05,146.06,24.40,71.35,1,-1,-1,-1
38,5839,995.75,136.18,131.29,235.41,1,-1,-1,-1
39,5863,494.09,129.25,86.77,238.07,1,-1,-1,-1
39,5860,606.92,151.61,84.20,209.69,1,-1,-1,-1
39,5839,1023.43,135.27,140.14,235.71,1,-1,-1,-1
40,5889,489.65,142.07,16.91,44.47,1,-1,-1,-1
40,5887,479.78,144.58,15.24,42.17,1,-1,-1,-1
40,5886,463.19,145.75,16.39,39.31,1,-1,-1,-1
40,5863,516.42,127.81,85.47,240.13,1,-1,-1,-1
40,5860,612.03,150.88,95.54,212.34,1,-1,-1,-1
40,5839,1051.19,135.98,147.79,236.02,1,-1,-1,-1
41,5891,439.69,144.37,17.33,40.32,1,-1,-1,-1
41,5889,489.25,143.84,15.28,42.31,1,-1,-1,-1
41,5887,478.29,144.96,15.35,42.12,1,-1,-1,-1
41,5886,461.56,146.17,16.00,39.08,1,-1,-1,-1
41,5863,529.35,131.08,82.40,239.50,1,-1,-1,-1
41,5860,621.20,149.65,95.93,215.39,1,-1,-1,-1
41,5839,1075.85,140.04,147.42,233.76,1,-1,-1,-1
42,5891,432.41,142.95,19.05,40.10,1,-1,-1,-1
42,5887,476.55,145.17,15.06,41.79,1,-1,-1,-1
42,5886,460.20,146.13,15.59,39.20,1,-1,-1,-1
42,5863,541.10,132.39,90.18,239.90,1,-1,-1,-1
42,5860,631.48,147.46,92.82,218.99,1,-1,-1,-1
42,5839,1096.43,138.71,138.53,233.83,1,-1,-1,-1
43,5895,522.47,135.54,26.77,76.38,1,-1,-1,-1
43,5892,485.58,140.09,19.22,46.31,1,-1,-1,-1
43,5891,428.35,144.03,19.00,39.00,1,-1,-1,-1
43,5887,475.48,145.53,14.35,41.06,1,-1,-1,-1
43,5886,458.17,145.51,15.98,40.52,1,-1,-1,-1
43,5863,548.89,130.45,95.60,241.64,1,-1,-1,-1
43,5860,656.18,145.18,85.64,221.40,1,-1,-1,-1
43,5839,1118.84,142.38,124.33,231.55,1,-1,-1,-1
44,5895,523.33,136.09,26.04,75.29,1,-1,-1,-1
44,5893,513.83,148.80,13.14,36.66,1,-1,-1,-1
44,5892,482.91,139.32,18.58,46.50,1,-1,-1,-1
44,5891,424.28,143.63,19.56,39.32,1,-1,-1,-1
44,5887,474.03,145.12,14.11,41.14,1,-1,-1,-1
44,5886,456.20,144.71,16.93,42.12,1,-1,-1,-1
44,5863,564.27,128.63,94.00,242.74,1,-1,-1,-1
44,5860,677.43,144.24,86.57,223.56,1,-1,-1,-1
45,5895,526.25,132.18,24.06,65.16,1,-1,-1,-1
45,5893,511.47,147.61,15.03,38.35,1,-1,-1,-1
45,5892,482.28,139.06,17.85,47.00,1,-1,-1,-1
45,5891,417.74,143.60,20.36,38.22,1,-1,-1,-1
45,5887,473.87,144.94,14.22,41.72,1,-1,-1,-1
45,5886,453.96,144.66,16.72,42.06,1,-1,-1,-1
45,5863,588.51,126.51,88.59,243.36,1,-1,-1,-1
45,5860,692.21,143.63,94.28,226.15,1,-1,-1,-1
46,5895,527.39,135.08,24.05,66.91,1,-1,-1,-1
46,5892,480.90,138.73,16.71,47.14,1,-1,-1,-1
46,5891,412.81,143.85,20.20,37.55,1,-1,-1,-1
46,5887,472.76,144.30,14.54,41.92,1,-1,-1,-1
46,5886,450.87,144.21,17.85,43.39,1,-1,-1,-1
46,5863,612.79,124.86,87.42,245.01,1,-1,-1,-1
46,5860,700.75,144.34,101.56,226.98,1,-1,-1,-1
47,5900,564.77,143.22,32.49,87.06,1,-1,-1,-1
47,5899,481.84,176.20,60.79,143.23,1,-1,-1,-1
47,5898,554.18,148.95,18.03,59.05,1,-1,-1,-1
47,5895,527.20,137.55,24.92,70.01,1,-1,-1,-1
47,5892,478.88,138.46,16.14,46.89,1,-1,-1,-1
47,5891,407.15,144.22,20.59,38.83,1,-1,-1,-1
47,5887,470.17,144.15,14.73,41.71,1,-1,-1,-1
47,5886,448.69,144.35,18.81,43.84,1,-1,-1,-1
47,5863,629.63,125.18,89.43,245.74,1,-1,-1,-1
47,5860,719.55,143.16,100.17,227.92,1,-1,-1,-1
48,5901,603.18,149.96,23.64,61.80,1,-1,-1,-1
48,5900,567.25,143.33,32.70,87.86,1,-1,-1,-1
48,5899,456.41,171.61,68.54,156.66,1,-1,-1,-1
48,5898,556.51,148.28,18.73,60.14,1,-1,-1,-1
48,5895,527.39,137.79,25.90,73.13,1,-1,-1,-1
48,5892,478.48,138.41,15.80,44.41,1,-1,-1,-1
48,5891,400.28,144.67,20.92,38.48,1,-1,-1,-1
48,5887,464.00,143.33,15.12,41.46,1,-1,-1,-1
48,5886,447.91,144.69,17.80,42.96,1,-1,-1,-1
48,5863,641.30,125.84,95.89,246.09,1,-1,-1,-1
48,5860,739.84,141.80,96.13,228.35,1,-1,-1,-1
49,5901,606.92,149.59,23.50,62.33,1,-1,-1,-1
49,5900,570.49,141.71,32.89,89.03,1,-1,-1,-1
49,5899,433.17,163.44,81.09,171.21,1,-1,-1,-1
49,5898,558.32,147.74,18.62,61.21,1,-1,-1,-1
49,5895,528.35,136.44,25.79,75.26,1,-1,-1,-1
49,5893,501.26,149.13,17.46,38.89,1,-1,-1,-1
49,5892,477.18,139.69,16.08,45.31,1,-1,-1,-1
49,5891,395.91,144.07,20.34,37.75,1,-1,-1,-1
49,5863,654.03,127.06,104.65,245.74,1,-1,-1,-1
49,5860,756.57,140.91,91.70,229.18,1,-1,-1,-1
50,5901,607.90,148.07,25.25,64.23,1,-1,-1,-1
50,5900,574.91,141.78,32.01,89.59,1,-1,-1,-1
50,5899,417.33,160.48,80.32,170.68,1,-1,-1,-1
50,5898,559.88,147.39,18.88,63.05,1,-1,-1,-1
50,5895,529.03,134.22,25.85,77.87,1,-1,-1,-1
50,5893,497.79,148.86,17.87,39.71,1,-1,-1,-1
50,5892,476.18,138.60,16.98,47.42,1,-1,-1,-1
50,5863,672.09,124.44,104.78,247.13,1,-1,-1,-1
50,5860,769.93,141.45,100.10,229.85,1,-1,-1,-1
51,5901,610.68,148.51,25.20,64.38,1,-1,-1,-1
51,5900,576.78,141.66,32.88,91.40,1,-1,-1,-1
51,5899,399.21,158.43,71.21,166.99,1,-1,-1,-1
51,5898,560.83,146.46,19.43,64.70,1,-1,-1,-1
51,5895,528.80,133.49,26.48,80.16,1,-1,-1,-1
51,5893,495.25,148.89,18.03,40.19,1,-1,-1,-1
51,5892,475.21,138.22,17.09,48.59,1,-1,-1,-1
51,5863,698.20,122.18,101.20,248.33,1,-1,-1,-1
51,5860,780.42,142.45,103.70,229.17,1,-1,-1,-1
52,5906,463.95,145.57,14.53,42.05,1,-1,-1,-1
52,5901,612.86,148.54,25.31,64.18,1,-1,-1,-1
52,5900,579.16,142.01,33.72,92.32,1,-1,-1,-1
52,5899,381.30,155.76,70.86,169.47,1,-1,-1,-1
52,5898,561.59,146.43,20.51,67.41,1,-1,-1,-1
52,5895,527.20,132.92,28.09,82.03,1,-1,-1,-1
52,5893,492.33,149.00,18.24,40.82,1,-1,-1,-1
52,5892,474.63,138.33,16.81,49.66,1,-1,-1,-1
52,5886,442.96,144.30,17.66,41.59,1,-1,-1,-1
52,5863,712.33,120.83,99.28,249.55,1,-1,-1,-1
52,5860,793.59,141.21,107.83,230.22,1,-1,-1,-1
53,5906,462.92,145.70,14.61,42.44,1,-1,-1,-1
53,5901,614.52,149.02,25.06,63.93,1,-1,-1,-1
53,5900,581.14,142.37,35.25,93.54,1,-1,-1,-1
53,5899,354.89,153.16,82.50,176.04,1,-1,-1,-1
53,5898,561.67,146.56,21.72,69.70,1,-1,-1,-1
53,5895,526.88,132.96,28.64,83.69,1,-1,-1,-1
53,5893,490.77,149.16,17.97,40.69,1,-1,-1,-1
53,5892,473.95,138.89,16.31,49.98,1,-1,-1,-1
53,5886,437.04,143.68,19.57,41.57,1,-1,-1,-1
53,5863,722.41,121.88,103.18,249.66,1,-1,-1,-1
53,5860,826.25,140.69,99.04,230.26,1,-1,-1,-1
54,5906,462.08,146.22,14.32,42.30,1,-1,-1,-1
54,5901,615.22,149.45,24.92,64.50,1,-1,-1,-1
54,5900,583.57,142.10,35.51,94.97,1,-1,-1,-1
54,5899,339.04,154.00,87.77,177.12,1,-1,-1,-1
54,5898,561.91,145.70,22.21,70.22,1,-1,-1,-1
54,5895,528.50,132.23,28.82,84.62,1,-1,-1,-1
54,5893,487.11,147.28,18.47,41.81,1,-1,-1,-1
54,5892,472.25,140.08,15.68,49.03,1,-1,-1,-1
54,5886,431.65,142.80,21.10,40.79,1,-1,-1,-1
54,5863,735.46,122.07,109.94,249.97,1,-1,-1,-1
54,5860,858.50,139.71,94.93,230.85,1,-1,-1,-1
55,5906,461.08,146.19,14.20,42.48,1,-1,-1,-1
55,5901,616.28,149.65,24.50,64.46,1,-1,-1,-1
55,5900,586.99,141.10,35.92,96.04,1,-1,-1,-1
55,5899,325.25,155.22,79.85,172.88,1,-1,-1,-1
55,5898,563.37,144.81,23.65,71.76,1,-1,-1,-1
55,5895,529.93,131.18,29.03,85.76,1,-1,-1,-1
55,5893,485.82,147.92,17.61,41.25,1,-1,-1,-1
55,5892,470.73,140.53,15.45,49.03,1,-1,-1,-1
55,5886,433.49,144.53,19.21,40.78,1,-1,-1,-1
55,5863,755.25,121.07,113.44,250.13,1,-1,-1,-1
55,5860,884.67,140.06,104.29,231.34,1,-1,-1,-1
56,5906,459.24,145.85,14.27,43.19,1,-1,-1,-1
56,5901,619.61,149.26,24.06,64.91,1,-1,-1,-1
56,5900,590.25,140.68,35.43,96.63,1,-1,-1,-1
56,5899,311.70,157.40,71.12,168.68,1,-1,-1,-1
56,5898,564.08,144.74,23.83,72.14,1,-1,-1,-1
56,5895,532.12,131.15,28.28,86.12,1,-1,-1,-1
56,5893,484.10,150.19,16.84,39.94,1,-1,-1,-1
56,5892,469.18,140.59,15.82,49.37,1,-1,-1,-1
56,5886,433.26,144.56,17.91,40.13,1,-1,-1,-1
56,5863,775.92,118.23,117.07,252.39,1,-1,-1,-1
56,5860,902.42,140.90,119.32,231.27,1,-1,-1,-1
57,5906,457.03,145.44,14.51,43.66,1,-1,-1,-1
57,5901,622.89,149.79,22.95,64.55,1,-1,-1,-1
57,5900,594.06,141.44,35.07,97.46,1,-1,-1,-1
57,5899,295.46,160.23,69.75,167.67,1,-1,-1,-1
57,5898,565.14,145.72,24.34,72.43,1,-1,-1,-1
57,5895,533.82,132.90,27.50,85.91,1,-1,-1,-1
57,5893,482.54,149.69,16.62,40.27,1,-1,-1,-1
57,5892,467.82,139.59,16.08,49.63,1,-1,-1,-1
57,5886,431.27,142.90,18.08,40.24,1,-1,-1,-1
57,5863,809.13,116.03,117.98,254.31,1,-1,-1,-1
57,5860,927.69,138.23,127.85,233.14,1,-1,-1,-1
58,5906,455.31,146.22,14.35,43.07,1,-1,-1,-1
58,5901,625.18,149.62,21.83,63.95,1,-1,-1,-1
58,5900,597.94,141.57,34.57,98.56,1,-1,-1,-1
58,5899,278.36,157.53,73.42,170.39,1,-1,-1,-1
58,5898,566.50,145.25,25.01,73.14,1,-1,-1,-1
58,5895,532.32,133.08,28.65,86.59,1,-1,-1,-1
58,5892,465.59,140.18,16.48,50.16,1,-1,-1,-1
58,5886,429.99,142.94,18.24,41.17,1,-1,-1,-1
58,5863,838.08,115.46,115.98,255.19,1,-1,-1,-1
58,5860,961.53,136.59,125.06,234.22,1,-1,-1,-1
59,5906,454.34,146.35,14.22,42.91,1,-1,-1,-1
59,5901,628.50,150.02,21.30,64.44,1,-1,-1,-1
59,5900,601.60,141.52,33.67,99.34,1,-1,-1,-1
59,5899,264.48,157.20,66.37,165.10,1,-1,-1,-1
59,5898,567.50,144.24,25.98,73.63,1,-1,-1,-1
59,5895,535.97,133.66,28.42,86.54,1,-1,-1,-1
59,5892,464.11,140.68,16.21,49.95,1,-1,-1,-1
59,5886,429.18,142.72,18.00,40.78,1,-1,-1,-1
59,5863,858.45,117.43,120.99,254.59,1,-1,-1,-1
59,5860,985.46,136.84,119.56,234.30,1,-1,-1,-1
60,5911,525.39,143.85,12.75,33.94,1,-1,-1,-1
60,5906,453.56,147.54,13.25,42.34,1,-1,-1,-1
60,5901,632.29,149.97,20.80,64.96,1,-1,-1,-1
60,5900,605.61,141.72,32.91,100.02,1,-1,-1,-1
60,5899,249.37,159.23,60.32,160.24,1,-1,-1,-1
60,5898,568.42,143.76,26.82,75.13,1,-1,-1,-1
60,5895,538.82,133.22,28.24,87.12,1,-1,-1,-1
60,5892,461.89,141.98,15.51,49.03,1,-1,-1,-1
60,5886,427.36,142.82,18.33,41.39,1,-1,-1,-1
60,5863,895.38,115.05,122.62,256.09,1,-1,-1,-1
60,5860,1013.04,136.00,117.62,234.95,1,-1,-1,-1
61,5911,523.52,143.17,13.09,34.18,1,-1,-1,-1
61,5906,452.49,147.44,13.30,42.82,1,-1,-1,-1
61,5901,634.63,149.01,20.51,62.11,1,-1,-1,-1
61,5900,608.35,142.07,33.70,101.25,1,-1,-1,-1
61,5899,243.09,160.07,57.99,158.16,1,-1,-1,-1
61,5898,569.44,143.22,27.73,76.12,1,-1,-1,-1
61,5895,540.21,132.11,28.34,88.21,1,-1,-1,-1
61,5892,460.68,142.52,14.77,48.61,1,-1,-1,-1
61,5886,426.78,142.44,18.44,40.92,1,-1,-1,-1
61,5863,925.70,112.89,122.12,257.67,1,-1,-1,-1
61,5860,1041.84,136.87,117.47,234.69,1,-1,-1,-1
62,5911,522.33,143.51,13.32,34.13,1,-1,-1,-1
62,5910,396.79,143.37,18.37,34.65,1,-1,-1,-1
62,5906,451.50,146.20,13.65,44.44,1,-1,-1,-1
62,5901,635.57,151.80,19.68,62.71,1,-1,-1,-1
62,5900,610.13,143.27,35.08,102.97,1,-1,-1,-1
62,5898,570.45,143.23,29.98,77.37,1,-1,-1,-1
62,5895,539.95,132.29,29.53,89.04,1,-1,-1,-1
62,5886,426.05,142.55,18.50,40.47,1,-1,-1,-1
62,5863,951.47,107.96,125.14,261.32,1,-1,-1,-1
62,5860,1077.78,137.92,116.72,234.07,1,-1,-1,-1
63,5913,461.57,144.18,18.36,47.55,1,-1,-1,-1
63,5911,521.49,143.83,13.17,33.72,1,-1,-1,-1
63,5906,449.86,145.59,13.46,44.04,1,-1,-1,-1
63,5901,639.70,152.13,20.03,64.93,1,-1,-1,-1
63,5900,612.54,143.47,35.79,104.29,1,-1,-1,-1
63,5898,570.51,143.33,30.75,77.90,1,-1,-1,-1
63,5895,539.02,133.57,30.67,89.06,1,-1,-1,-1
63,5886,423.31,142.36,18.44,40.31,1,-1,-1,-1
63,5863,972.44,107.88,132.24,262.61,1,-1,-1,-1
63,5860,1114.67,135.05,110.03,235.26,1,-1,-1,-1
64,5913,456.67,141.83,18.79,50.11,1,-1,-1,-1
64,5911,519.89,144.64,12.84,33.25,1,-1,-1,-1
64,5906,447.02,145.72,13.97,44.63,1,-1,-1,-1
64,5901,641.28,151.01,20.36,68.06,1,-1,-1,-1
64,5900,617.86,142.90,38.40,106.30,1,-1,-1,-1
64,5898,572.22,142.49,32.14,79.27,1,-1,-1,-1
64,5895,537.78,133.97,32.44,89.38,1,-1,-1,-1
64,5886,421.91,143.27,18.09,40.29,1,-1,-1,-1
64,5863,995.01,110.77,141.11,261.48,1,-1,-1,-1
64,5860,1145.50,131.97,95.54,236.26,1,-1,-1,-1
65,5911,517.52,144.02,14.15,34.44,1,-1,-1,-1
65,5900,624.97,141.81,37.41,107.05,1,-1,-1,-1
65,5898,573.07,142.04,33.06,79.99,1,-1,-1,-1
65,5895,537.65,133.77,33.01,90.51,1,-1,-1,-1
65,5863,1023.85,113.66,151.99,259.63,1,-1,-1,-1
66,5911,516.06,143.97,14.48,34.45,1,-1,-1,-1
66,5900,629.40,142.60,37.35,108.07,1,-1,-1,-1
66,5898,574.29,142.87,31.91,79.94,1,-1,-1,-1
66,5895,542.00,132.29,32.02,90.96,1,-1,-1,-1
66,5863,1064.02,110.31,150.86,261.18,1,-1,-1,-1
67,5911,514.19,143.53,14.90,35.42,1,-1,-1,-1
67,5900,633.01,143.14,38.79,109.81,1,-1,-1,-1
67,5898,575.41,144.38,33.61,80.21,1,-1,-1,-1
67,5895,545.10,132.53,30.76,91.49,1,-1,-1,-1
67,5863,1109.09,106.60,132.02,262.47,1,-1,-1,-1
68,5913,441.82,138.43,21.42,51.57,1,-1,-1,-1
68,5911,512.89,144.01,14.68,35.08,1,-1,-1,-1
68,5900,636.47,143.24,39.31,111.11,1,-1,-1,-1
68,5898,577.04,143.61,33.47,80.69,1,-1,-1,-1
68,5895,546.24,132.64,29.87,92.54,1,-1,-1,-1
69,5913,442.87,138.64,20.14,50.97,1,-1,-1,-1
69,5911,510.66,143.42,15.54,35.65,1,-1,-1,-1
69,5900,642.07,142.57,38.88,111.86,1,-1,-1,-1
69,5898,580.17,143.04,33.43,80.61,1,-1,-1,-1
69,5895,548.19,133.12,28.69,92.46,1,-1,-1,-1
70,5913,442.49,139.23,18.47,49.15,1,-1,-1,-1
70,5911,508.53,143.63,15.86,36.20,1,-1,-1,-1
70,5900,646.61,143.20,38.98,113.09,1,-1,-1,-1
70,5898,583.41,143.25,33.03,81.17,1,-1,-1,-1
70,5895,549.27,132.70,28.48,93.40,1,-1,-1,-1
71,5913,441.26,140.92,17.60,48.61,1,-1,-1,-1
71,5911,508.19,143.85,14.87,36.22,1,-1,-1,-1
71,5900,651.83,143.93,40.88,114.79,1,-1,-1,-1
71,5898,584.61,142.35,34.56,82.96,1,-1,-1,-1
71,5895,548.17,131.56,30.35,94.77,1,-1,-1,-1
72,5913,439.28,141.23,16.68,48.76,1,-1,-1,-1
72,5911,505.93,143.30,15.39,36.73,1,-1,-1,-1
72,5900,657.80,145.14,42.65,117.02,1,-1,-1,-1
72,5898,586.33,143.39,35.37,83.61,1,-1,-1,-1
72,5895,549.77,130.95,30.43,96.04,1,-1,-1,-1
73,5913,436.99,139.62,16.85,46.63,1,-1,-1,-1
73,5911,504.57,143.43,15.18,36.98,1,-1,-1,-1
73,5900,660.26,145.43,46.44,119.23,1,-1,-1,-1
73,5898,589.03,143.95,34.86,83.51,1,-1,-1,-1
73,5895,548.60,130.67,32.13,97.65,1,-1,-1,-1
74,5924,656.41,147.34,23.29,79.77,1,-1,-1,-1
74,5923,531.36,132.70,16.93,49.23,1,-1,-1,-1
74,5913,435.15,138.66,17.19,47.53,1,-1,-1,-1
74,5911,502.64,143.29,15.21,37.13,1,-1,-1,-1
74,5900,668.15,143.89,46.39,121.30,1,-1,-1,-1
74,5898,592.15,142.91,35.90,85.44,1,-1,-1,-1
74,5895,546.27,131.03,34.53,99.00,1,-1,-1,-1
75,5924,658.45,147.91,24.96,80.61,1,-1,-1,-1
75,5923,530.04,140.23,15.11,42.48,1,-1,-1,-1
75,5913,434.19,138.52,17.09,48.19,1,-1,-1,-1
75,5911,501.69,144.74,15.14,36.56,1,-1,-1,-1
75,5900,675.77,143.31,45.22,122.39,1,-1,-1,-1
75,5898,595.85,142.13,35.87,87.31,1,-1,-1,-1
75,5895,546.78,131.51,35.51,100.08,1,-1,-1,-1
76,5924,660.73,147.91,26.90,81.73,1,-1,-1,-1
76,5923,527.52,145.12,13.21,36.90,1,-1,-1,-1
76,5913,430.10,139.40,19.22,49.90,1,-1,-1,-1
76,5911,500.02,145.08,15.35,36.34,1,-1,-1,-1
76,5900,683.47,143.99,47.12,123.26,1,-1,-1,-1
76,5898,599.29,142.39,35.39,87.70,1,-1,-1,-1
76,5895,548.96,131.15,35.52,101.11,1,-1,-1,-1
77,5924,662.32,150.35,28.23,80.79,1,-1,-1,-1
77,5923,524.22,147.13,13.36,35.10,1,-1,-1,-1
77,5913,428.43,140.17,19.38,50.93,1,-1,-1,-1
77,5911,497.45,144.84,15.56,36.62,1,-1,-1,-1
77,5900,687.96,146.47,48.20,124.35,1,-1,-1,-1
77,5898,602.65,143.45,36.45,87.68,1,-1,-1,-1
77,5895,551.77,130.66,35.01,101.41,1,-1,-1,-1
78,5924,665.55,148.15,30.13,83.00,1,-1,-1,-1
78,5923,520.53,146.77,14.82,35.44,1,-1,-1,-1
78,5913,426.90,139.06,19.01,49.86,1,-1,-1,-1
78,5911,495.91,144.25,15.37,37.00,1,-1,-1,-1
78,5900,689.97,147.32,49.32,125.73,1,-1,-1,-1
78,5898,604.00,143.41,38.19,86.78,1,-1,-1,-1
78,5895,553.32,131.04,33.86,102.40,1,-1,-1,-1
79,5924,668.23,147.74,32.37,84.26,1,-1,-1,-1
79,5923,517.58,147.21,16.49,35.26,1,-1,-1,-1
79,5913,426.07,139.43,19.23,48.92,1,-1,-1,-1
79,5911,494.37,144.32,15.10,36.72,1,-1,-1,-1
79,5900,699.34,145.35,47.03,127.57,1,-1,-1,-1
79,5898,605.93,143.61,37.96,87.57,1,-1,-1,-1
79,5895,555.73,131.82,32.15,102.72,1,-1,-1,-1
80,5924,670.75,148.18,33.61,85.35,1,-1,-1,-1
80,5923,516.08,147.63,15.95,34.55,1,-1,-1,-1
80,5913,423.96,138.18,19.51,47.77,1,-1,-1,-1
80,5911,492.71,144.44,15.00,36.67,1,-1,-1,-1
80,5900,707.87,144.87,46.66,129.82,1,-1,-1,-1
80,5898,607.99,143.17,40.45,87.53,1,-1,-1,-1
80,5895,557.61,132.81,31.04,103.54,1,-1,-1,-1
81,5924,672.84,149.23,34.28,85.54,1,-1,-1,-1
81,5923,513.40,147.73,15.49,34.31,1,-1,-1,-1
81,5913,421.86,136.70,19.87,47.50,1,-1,-1,-1
81,5911,490.52,143.92,14.97,37.12,1,-1,-1,-1
81,5900,714.12,145.31,49.00,132.85,1,-1,-1,-1
81,5898,609.62,144.07,42.81,89.45,1,-1,-1,-1
81,5895,559.46,133.02,30.86,105.57,1,-1,-1,-1
82,5924,674.44,149.44,34.18,85.03,1,-1,-1,-1
82,5923,511.17,147.77,14.98,34.31,1,-1,-1,-1
82,5911,488.13,144.56,14.92,36.79,1,-1,-1,-1
82,5900,719.15,148.11,52.15,135.45,1,-1,-1,-1
82,5898,610.26,144.67,43.57,89.99,1,-1,-1,-1
82,5895,560.61,131.42,31.27,106.55,1,-1,-1,-1
83,5924,675.45,148.93,35.33,85.93,1,-1,-1,-1
83,5923,508.32,148.09,15.27,34.29,1,-1,-1,-1
83,5911,486.14,144.04,15.02,37.64,1,-1,-1,-1
83,5900,725.43,148.00,54.13,138.57,1,-1,-1,-1
83,5898,611.44,145.10,44.57,90.83,1,-1,-1,-1
83,5895,562.04,130.17,31.49,107.96,1,-1,-1,-1
84,5932,957.82,121.69,13.89,7.67,1,-1,-1,-1
84,5924,677.03,149.01,36.09,86.86,1,-1,-1,-1
84,5923,506.02,148.77,15.18,33.99,1,-1,-1,-1
84,5911,484.65,143.92,15.24,38.08,1,-1,-1,-1
84,5900,734.60,147.04,54.36,141.68,1,-1,-1,-1
84,5898,615.36,144.31,45.55,92.16,1,-1,-1,-1
84,5895,559.07,129.46,34.86,110.81,1,-1,-1,-1
85,5932,957.90,121.45,13.76,7.82,1,-1,-1,-1
85,5924,678.85,149.62,36.67,87.51,1,-1,-1,-1
85,5923,504.08,148.34,14.61,34.16,1,-1,-1,-1
85,5913,412.55,139.78,19.31,46.62,1,-1,-1,-1
85,5911,481.18,144.44,16.08,38.32,1,-1,-1,-1
85,5900,743.92,146.05,53.36,143.07,1,-1,-1,-1
85,5898,620.82,144.24,45.23,93.25,1,-1,-1,-1
85,5895,557.78,131.08,38.28,112.17,1,-1,-1,-1
86,5924,680.98,150.33,37.71,88.04,1,-1,-1,-1
86,5923,502.20,147.74,14.02,34.25,1,-1,-1,-1
86,5913,412.04,137.11,19.00,46.72,1,-1,-1,-1
86,5911,478.86,143.68,16.98,39.32,1,-1,-1,-1
86,5900,752.11,147.81,57.24,144.71,1,-1,-1,-1
86,5898,623.76,145.54,41.91,94.10,1,-1,-1,-1
86,5895,557.43,131.65,41.91,112.34,1,-1,-1,-1
87,5924,684.79,149.52,38.33,88.81,1,-1,-1,-1
87,5923,499.89,147.68,13.90,34.29,1,-1,-1,-1
87,5911,477.71,143.96,17.31,39.53,1,-1,-1,-1
87,5900,755.45,150.24,59.49,146.07,1,-1,-1,-1
87,5898,627.30,145.82,42.85,93.95,1,-1,-1,-1
87,5895,561.59,129.99,42.01,114.37,1,-1,-1,-1
88,5924,688.71,149.33,39.53,90.26,1,-1,-1,-1
88,5923,496.80,148.54,14.90,34.32,1,-1,-1,-1
88,5911,475.95,144.07,16.67,39.61,1,-1,-1,-1
88,5900,757.34,149.57,61.33,150.48,1,-1,-1,-1
88,5898,629.03,145.52,45.73,94.61,1,-1,-1,-1
88,5895,568.14,128.46,40.20,115.69,1,-1,-1,-1
89,5924,692.75,150.30,40.63,90.69,1,-1,-1,-1
89,5923,494.66,148.84,15.50,34.13,1,-1,-1,-1
89,5911,472.91,144.05,16.27,39.61,1,-1,-1,-1
89,5900,771.97,147.75,57.20,152.69,1,-1,-1,-1
89,5898,628.68,145.15,47.22,96.76,1,-1,-1,-1
89,5895,572.39,130.61,38.55,116.08,1,-1,-1,-1
90,5924,695.75,150.77,42.04,91.57,1,-1,-1,-1
90,5923,492.49,148.97,14.69,33.87,1,-1,-1,-1
90,5911,470.14,144.46,16.05,39.42,1,-1,-1,-1
90,5900,783.68,147.03,55.84,156.06,1,-1,-1,-1
90,5898,628.96,145.10,48.48,98.52,1,-1,-1,-1
90,5895,576.20,131.45,37.94,116.61,1,-1,-1,-1
91,5924,698.45,150.34,42.88,93.58,1,-1,-1,-1
91,5923,490.26,148.42,14.51,34.40,1,-1,-1,-1
91,5911,467.88,144.41,16.40,39.38,1,-1,-1,-1
91,5900,792.64,148.39,58.89,160.68,1,-1,-1,-1
91,5898,628.46,146.22,49.44,99.89,1,-1,-1,-1
91,5895,579.89,131.40,36.85,117.50,1,-1,-1,-1
92,5924,702.03,149.58,42.03,93.99,1,-1,-1,-1
92,5923,488.23,149.07,14.40,34.24,1,-1,-1,-1
92,5911,466.78,144.61,16.58,39.31,1,-1,-1,-1
92,5900,798.46,150.67,64.58,163.90,1,-1,-1,-1
92,5898,629.40,146.83,51.83,102.33,1,-1,-1,-1
92,5895,583.67,132.38,36.77,119.24,1,-1,-1,-1
93,5937,396.92,140.04,16.25,36.84,1,-1,-1,-1
93,5924,705.53,148.97,41.48,94.79,1,-1,-1,-1
93,5923,486.64,149.46,14.27,34.11,1,-1,-1,-1
93,5911,463.73,145.35,16.63,38.67,1,-1,-1,-1
93,5900,811.37,151.43,66.74,168.37,1,-1,-1,-1
93,5898,629.26,147.15,51.40,103.63,1,-1,-1,-1
93,5895,587.77,131.00,36.19,120.88,1,-1,-1,-1
94,5935,439.17,146.14,15.00,35.53,1,-1,-1,-1
94,5924,709.56,149.88,42.98,96.03,1,-1,-1,-1
94,5923,485.02,149.96,14.37,34.00,1,-1,-1,-1
94,5911,462.30,144.89,16.67,39.02,1,-1,-1,-1
94,5900,828.34,150.91,65.46,170.78,1,-1,-1,-1
94,5898,631.76,146.29,50.09,104.49,1,-1,-1,-1
94,5895,588.31,130.37,37.09,122.95,1,-1,-1,-1
95,5935,441.45,147.37,14.99,36.38,1,-1,-1,-1
95,5924,712.96,150.68,43.01,96.64,1,-1,-1,-1
95,5923,483.03,149.07,14.19,34.67,1,-1,-1,-1
95,5911,460.06,145.06,16.79,39.07,1,-1,-1,-1
95,5900,840.61,149.61,66.22,174.09,1,-1,-1,-1
95,5898,635.81,145.66,48.21,105.38,1,-1,-1,-1
95,5895,587.33,130.46,39.81,124.95,1,-1,-1,-1
96,5935,444.26,148.34,15.22,37.87,1,-1,-1,-1
96,5924,717.72,151.41,42.69,97.19,1,-1,-1,-1
96,5923,481.59,149.22,14.18,34.88,1,-1,-1,-1
96,5911,458.65,145.56,16.55,39.34,1,-1,-1,-1
96,5900,852.36,150.04,75.95,179.43,1,-1,-1,-1
96,5898,641.31,147.19,49.04,105.95,1,-1,-1,-1
96,5895,585.63,131.57,43.30,126.60,1,-1,-1,-1
97,5924,721.49,150.41,43.69,98.52,1,-1,-1,-1
97,5923,479.22,147.98,14.39,35.69,1,-1,-1,-1
97,5911,453.44,145.52,18.07,40.00,1,-1,-1,-1
97,5900,856.65,153.72,84.18,185.02,1,-1,-1,-1
97,5898,644.83,148.90,50.02,107.88,1,-1,-1,-1
97,5895,588.82,131.89,44.92,128.86,1,-1,-1,-1
98,5939,541.70,143.43,12.26,37.52,1,-1,-1,-1
98,5924,727.60,151.03,44.34,99.14,1,-1,-1,-1
98,5923,476.25,147.63,15.22,36.42,1,-1,-1,-1
98,5911,451.93,145.82,18.27,40.80,1,-1,-1,-1
98,5900,863.12,152.51,86.03,189.54,1,-1,-1,-1
98,5898,645.95,148.31,51.47,109.55,1,-1,-1,-1
98,5895,595.09,131.13,44.35,130.82,1,-1,-1,-1
99,5940,547.05,139.58,14.53,45.33,1,-1,-1,-1
99,5939,542.17,144.02,12.75,38.15,1,-1,-1,-1
99,5924,732.98,151.54,45.57,100.02,1,-1,-1,-1
99,5923,473.24,148.19,16.16,36.42,1,-1,-1,-1
99,5911,450.79,145.72,17.58,40.86,1,-1,-1,-1
99,5900,886.57,148.96,80.12,192.90,1,-1,-1,-1
99,5898,646.11,147.29,51.34,111.71,1,-1,-1,-1
99,5895,600.47,130.47,42.73,132.06,1,-1,-1,-1
100,5924,736.66,152.28,46.80,101.13,1,-1,-1,-1
100,5923,471.26,148.47,16.42,36.37,1,-1,-1,-1
100,5911,449.93,145.65,17.23,40.92,1,-1,-1,-1
100,5900,905.65,151.17,77.46,197.03,1,-1,-1,-1
100,5898,646.71,147.74,50.12,112.83,1,-1,-1,-1
100,5895,605.67,131.47,41.71,132.45,1,-1,-1,-1
101,5924,739.79,152.97,47.37,102.18,1,-1,-1,-1
101,5923,468.79,148.51,15.44,36.27,1,-1,-1,-1
101,5900,921.25,152.49,85.42,201.52,1,-1,-1,-1
101,5898,651.08,149.04,52.26,115.77,1,-1,-1,-1
101,5895,609.96,132.92,40.25,132.58,1,-1,-1,-1
102,5924,743.47,152.51,46.85,102.64,1,-1,-1,-1
102,5900,933.40,153.23,94.67,204.18,1,-1,-1,-1
102,5898,651.42,150.27,51.28,117.52,1,-1,-1,-1
102,5895,612.70,132.24,40.91,133.81,1,-1,-1,-1
103,5942,437.47,143.92,17.79,41.02,1,-1,-1,-1
103,5924,748.22,152.50,48.22,103.24,1,-1,-1,-1
103,5900,951.67,152.87,96.12,208.80,1,-1,-1,-1
103,5898,656.99,149.67,52.95,119.13,1,-1,-1,-1
103,5895,614.16,132.85,42.83,136.00,1,-1,-1,-1
104,5942,435.32,143.65,18.12,41.36,1,-1,-1,-1
104,5924,753.39,154.05,49.93,104.48,1,-1,-1,-1
104,5900,979.56,150.19,92.05,213.66,1,-1,-1,-1
104,5898,662.85,149.02,50.96,121.59,1,-1,-1,-1
104,5895,607.42,131.42,49.35,139.64,1,-1,-1,-1
105,5942,434.32,143.88,17.98,40.56,1,-1,-1,-1
105,5924,757.13,153.62,49.14,105.78,1,-1,-1,-1
105,5923,459.02,149.18,13.97,37.83,1,-1,-1,-1
105,5900,995.76,147.60,99.39,219.44,1,-1,-1,-1
105,5898,669.32,150.08,52.90,124.08,1,-1,-1,-1
105,5895,598.24,130.99,58.10,144.10,1,-1,-1,-1
106,5943,473.12,144.06,15.17,43.91,1,-1,-1,-1
106,5942,433.37,144.74,17.31,40.22,1,-1,-1,-1
106,5924,762.63,153.06,48.10,106.23,1,-1,-1,-1
106,5923,457.07,149.28,13.66,37.59,1,-1,-1,-1
106,5900,1007.72,148.27,116.94,219.85,1,-1,-1,-1
106,5898,673.45,151.67,55.56,124.48,1,-1,-1,-1
106,5895,595.20,132.03,64.46,147.13,1,-1,-1,-1
107,5944,549.47,141.26,12.59,41.38,1,-1,-1,-1
107,5943,476.12,143.11,17.64,45.62,1,-1,-1,-1
107,5942,431.14,145.18,18.13,40.72,1,-1,-1,-1
107,5924,770.08,152.49,48.39,108.01,1,-1,-1,-1
107,5923,454.94,148.80,13.86,37.87,1,-1,-1,-1
107,5900,1015.11,149.35,125.43,221.26,1,-1,-1,-1
107,5898,677.28,152.39,55.68,125.66,1,-1,-1,-1
107,5895,592.41,133.16,69.96,149.54,1,-1,-1,-1
108,5944,549.21,141.37,12.84,41.66,1,-1,-1,-1
108,5943,477.19,142.59,19.55,46.41,1,-1,-1,-1
108,5942,428.03,144.22,18.81,41.41,1,-1,-1,-1
108,5924,777.54,153.82,49.11,109.85,1,-1,-1,-1
108,5923,451.79,149.87,14.45,37.67,1,-1,-1,-1
108,5900,1037.44,146.61,125.47,223.83,1,-1,-1,-1
108,5898,678.98,151.19,54.29,127.13,1,-1,-1,-1
108,5895,592.38,132.90,73.60,149.92,1,-1,-1,-1
109,5944,549.11,141.15,13.05,40.58,1,-1,-1,-1
109,5943,478.27,143.50,20.17,45.69,1,-1,-1,-1
109,5942,425.66,144.13,17.96,39.63,1,-1,-1,-1
109,5924,784.71,155.41,49.87,111.55,1,-1,-1,-1
109,5923,448.90,150.36,15.91,38.02,1,-1,-1,-1
109,5900,1076.45,143.97,112.88,225.68,1,-1,-1,-1
109,5898,682.48,150.29,54.72,127.81,1,-1,-1,-1
109,5895,599.36,131.85,72.10,150.78,1,-1,-1,-1
110,5944,548.81,141.64,12.73,40.27,1,-1,-1,-1
110,5943,481.60,143.81,18.61,44.44,1,-1,-1,-1
110,5942,424.02,145.14,17.22,39.39,1,-1,-1,-1
110,5924,790.36,155.95,49.99,112.56,1,-1,-1,-1
110,5923,446.41,150.65,16.60,37.81,1,-1,-1,-1
110,5900,1108.13,143.76,106.00,226.78,1,-1,-1,-1
110,5898,686.15,152.49,57.16,131.85,1,-1,-1,-1
110,5895,615.75,132.97,64.33,152.63,1,-1,-1,-1
111,5944,548.54,141.93,12.99,40.60,1,-1,-1,-1
111,5943,485.59,143.66,17.06,42.02,1,-1,-1,-1
111,5942,419.64,144.29,18.81,40.83,1,-1,-1,-1
111,5924,795.33,154.97,49.57,112.84,1,-1,-1,-1
111,5923,443.21,150.06,16.42,37.89,1,-1,-1,-1
111,5900,1125.67,146.45,102.49,226.02,1,-1,-1,-1
111,5898,688.53,154.60,54.62,134.38,1,-1,-1,-1
111,5895,626.75,134.61,60.24,154.14,1,-1,-1,-1
112,5944,549.52,142.02,12.65,39.97,1,-1,-1,-1
112,5943,488.74,144.82,16.52,41.54,1,-1,-1,-1
112,5942,417.49,143.55,18.85,41.34,1,-1,-1,-1
112,5924,798.95,154.62,49.69,114.46,1,-1,-1,-1
112,5923,439.10,149.42,16.65,38.28,1,-1,-1,-1
112,5900,1139.82,164.70,96.52,215.86,1,-1,-1,-1
112,5898,692.99,154.18,53.98,136.89,1,-1,-1,-1
112,5895,633.85,136.92,58.34,156.55,1,-1,-1,-1
113,5944,549.78,142.26,12.34,39.80,1,-1,-1,-1
113,5943,491.32,145.16,16.94,41.52,1,-1,-1,-1
113,5942,415.44,143.94,18.89,41.26,1,-1,-1,-1
113,5924,806.02,155.45,53.68,117.38,1,-1,-1,-1
113,5923,435.25,149.81,17.69,37.67,1,-1,-1,-1
113,5898,698.34,152.70,51.43,138.43,1,-1,-1,-1
113,5895,638.57,136.48,54.90,158.37,1,-1,-1,-1
114,5944,550.17,142.49,11.62,39.83,1,-1,-1,-1
114,5943,492.94,145.27,17.20,41.23,1,-1,-1,-1
114,5942,413.26,143.93,18.73,41.19,1,-1,-1,-1
114,5924,810.17,156.17,56.78,119.59,1,-1,-1,-1
114,5923,434.68,149.31,16.94,37.74,1,-1,-1,-1
114,5898,708.37,153.33,54.91,142.48,1,-1,-1,-1
114,5895,643.08,134.54,52.82,161.05,1,-1,-1,-1
115,5944,550.38,143.28,11.47,39.82,1,-1,-1,-1
115,5943,495.81,144.93,16.77,41.14,1,-1,-1,-1
115,5924,813.34,156.29,56.72,121.52,1,-1,-1,-1
115,5923,432.88,148.25,16.31,36.68,1,-1,-1,-1
115,5898,713.54,155.68,60.33,144.97,1,-1,-1,-1
115,5895,643.66,133.39,53.55,164.16,1,-1,-1,-1
116,5944,550.95,143.63,11.27,39.35,1,-1,-1,-1
116,5943,499.27,144.73,15.51,41.06,1,-1,-1,-1
116,5924,819.98,155.30,57.77,123.08,1,-1,-1,-1
116,5898,716.88,156.39,63.32,146.08,1,-1,-1,-1
116,5895,639.70,134.35,60.27,168.57,1,-1,-1,-1
117,5944,551.63,142.99,11.66,39.58,1,-1,-1,-1
117,5943,502.25,144.69,15.21,40.90,1,-1,-1,-1
117,5924,828.42,155.68,59.40,125.14,1,-1,-1,-1
117,5898,721.96,156.28,65.07,148.35,1,-1,-1,-1
117,5895,637.04,138.05,65.29,171.58,1,-1,-1,-1
118,5944,553.35,142.41,11.53,39.70,1,-1,-1,-1
118,5943,506.34,144.38,17.57,41.39,1,-1,-1,-1
118,5924,837.44,156.67,62.25,126.59,1,-1,-1,-1
118,5898,722.43,155.85,62.57,150.97,1,-1,-1,-1
118,5895,639.19,139.52,67.22,172.14,1,-1,-1,-1
119,5943,508.10,144.42,19.30,41.46,1,-1,-1,-1
119,5924,845.87,158.57,62.67,128.45,1,-1,-1,-1
119,5898,726.43,157.40,61.98,152.62,1,-1,-1,-1
119,5895,649.88,138.31,64.94,177.25,1,-1,-1,-1
120,5943,509.71,144.42,19.44,41.10,1,-1,-1,-1
120,5924,853.74,158.62,63.71,130.20,1,-1,-1,-1
120,5898,730.06,161.87,61.10,157.27,1,-1,-1,-1
120,5895,662.46,135.35,60.26,180.06,1,-1,-1,-1
121,5943,512.37,144.35,18.03,40.69,1,-1,-1,-1
121,5924,861.92,157.88,63.67,131.56,1,-1,-1,-1
121,5898,736.47,163.56,62.82,162.28,1,-1,-1,-1
121,5895,672.03,136.31,60.16,183.78,1,-1,-1,-1
122,5943,515.64,144.08,16.80,40.16,1,-1,-1,-1
122,5924,872.14,156.61,64.91,133.71,1,-1,-1,-1
122,5898,742.18,162.38,64.14,165.76,1,-1,-1,-1
122,5895,679.02,138.44,64.56,188.61,1,-1,-1,-1
123,5951,394.44,144.35,18.73,36.14,1,-1,-1,-1
123,5943,519.40,144.55,16.48,39.98,1,-1,-1,-1
123,5924,883.33,157.79,68.62,135.56,1,-1,-1,-1
123,5898,748.86,162.63,63.24,168.96,1,-1,-1,-1
123,5895,682.87,138.12,64.44,191.22,1,-1,-1,-1
124,5943,521.33,145.13,16.34,39.27,1,-1,-1,-1
124,5924,889.32,159.13,70.49,137.22,1,-1,-1,-1
124,5898,749.56,162.91,69.20,176.83,1,-1,-1,-1
124,5895,688.12,137.99,63.29,195.09,1,-1,-1,-1
125,5943,523.11,147.73,16.11,37.64,1,-1,-1,-1
125,5924,900.68,158.08,68.59,140.41,1,-1,-1,-1
125,5898,751.71,163.97,74.56,180.60,1,-1,-1,-1
125,5895,696.14,135.39,62.33,200.09,1,-1,-1,-1
126,5943,526.16,148.83,14.61,36.20,1,-1,-1,-1
126,5924,915.05,157.73,68.06,144.42,1,-1,-1,-1
126,5898,760.08,164.57,78.98,186.01,1,-1,-1,-1
126,5895,695.17,135.44,67.29,207.35,1,-1,-1,-1
127,5924,930.06,159.78,69.85,147.22,1,-1,-1,-1
127,5898,773.32,163.81,76.80,187.85,1,-1,-1,-1
127,5895,693.30,136.12,76.54,216.37,1,-1,-1,-1
128,5924,941.06,160.59,73.63,150.45,1,-1,-1,-1
128,5898,783.96,164.48,77.37,192.32,1,-1,-1,-1
128,5895,693.11,135.65,83.85,217.52,1,-1,-1,-1
129,5924,955.13,160.86,72.83,152.43,1,-1,-1,-1
129,5898,793.39,165.37,79.33,196.78,1,-1,-1,-1
129,5895,699.35,137.00,86.63,223.73,1,-1,-1,-1
130,5943,536.52,139.84,16.03,42.50,1,-1,-1,-1
130,5924,966.09,158.87,71.50,153.55,1,-1,-1,-1
130,5898,800.74,167.16,80.03,198.77,1,-1,-1,-1
130,5895,715.98,134.61,81.75,228.89,1,-1,-1,-1
131,5943,537.54,141.59,16.20,41.68,1,-1,-1,-1
131,5924,978.39,159.12,72.19,155.97,1,-1,-1,-1
131,5898,809.35,165.86,81.46,202.24,1,-1,-1,-1
131,5895,730.98,131.16,78.46,233.62,1,-1,-1,-1
132,5943,541.15,142.22,15.55,40.96,1,-1,-1,-1
132,5924,993.67,160.97,79.96,158.38,1,-1,-1,-1
132,5898,822.71,164.06,81.00,205.00,1,-1,-1,-1
132,5895,742.61,131.95,78.39,236.13,1,-1,-1,-1
133,5943,544.70,143.32,14.64,40.38,1,-1,-1,-1
133,5924,1003.90,161.72,83.56,163.05,1,-1,-1,-1
133,5898,833.61,163.60,86.77,206.84,1,-1,-1,-1
133,5895,752.16,132.46,82.77,237.73,1,-1,-1,-1
134,5943,547.31,144.29,14.25,39.97,1,-1,-1,-1
134,5924,1009.73,161.56,83.73,167.83,1,-1,-1,-1
134,5898,838.00,164.29,96.92,207.34,1,-1,-1,-1
134,5895,759.03,128.95,83.41,240.75,1,-1,-1,-1
135,5943,548.45,144.13,13.68,39.25,1,-1,-1,-1
135,5924,1026.00,160.11,84.51,171.03,1,-1,-1,-1
135,5898,849.17,163.69,105.65,208.16,1,-1,-1,-1
135,5895,768.43,127.12,81.07,242.72,1,-1,-1,-1
136,5924,1043.65,162.01,88.73,175.84,1,-1,-1,-1
136,5898,866.46,162.31,108.31,209.23,1,-1,-1,-1
136,5895,780.58,123.61,80.28,245.65,1,-1,-1,-1
137,5924,1060.46,163.84,95.74,180.66,1,-1,-1,-1
137,5898,886.65,161.66,104.07,209.82,1,-1,-1,-1
137,5895,780.22,124.01,87.51,246.70,1,-1,-1,-1
138,5924,1078.29,163.49,97.42,184.06,1,-1,-1,-1
138,5898,902.20,161.83,105.98,209.99,1,-1,-1,-1
138,5895,778.53,125.32,97.25,246.51,1,-1,-1,-1
139,5943,558.23,142.61,13.42,39.34,1,-1,-1,-1
139,5924,1096.44,161.02,95.49,186.17,1,-1,-1,-1
139,5898,914.90,162.91,109.99,209.44,1,-1,-1,-1
139,5895,780.10,125.41,107.93,246.67,1,-1,-1,-1
140,5943,558.90,143.28,13.10,39.10,1,-1,-1,-1
140,5924,1116.07,161.44,93.47,189.27,1,-1,-1,-1
140,5898,930.82,162.51,112.24,209.20,1,-1,-1,-1
140,5895,790.15,120.37,112.95,249.93,1,-1,-1,-1
141,5943,558.79,142.94,12.63,39.12,1,-1,-1,-1
141,5924,1131.97,160.54,91.79,188.33,1,-1,-1,-1
141,5898,956.81,161.91,115.24,209.02,1,-1,-1,-1
141,5895,816.99,116.66,110.20,252.60,1,-1,-1,-1
142,5943,559.10,142.54,12.86,39.17,1,-1,-1,-1
142,5924,1146.79,157.20,85.08,184.24,1,-1,-1,-1
142,5898,985.42,161.01,114.37,209.90,1,-1,-1,-1
142,5895,842.16,113.95,105.09,254.90,1,-1,-1,-1
143,5943,559.35,142.84,13.16,39.87,1,-1,-1,-1
143,5898,1003.01,161.66,116.30,209.40,1,-1,-1,-1
143,5895,861.11,114.09,103.81,255.90,1,-1,-1,-1
144,5943,559.40,142.46,13.69,40.27,1,-1,-1,-1
144,5898,1025.39,163.80,121.76,208.09,1,-1,-1,-1
144,5895,884.87,115.15,111.24,256.01,1,-1,-1,-1
145,5943,559.14,142.34,14.16,40.43,1,-1,-1,-1
145,5898,1058.82,164.02,119.05,206.77,1,-1,-1,-1
145,5895,909.93,111.64,115.02,258.48,1,-1,-1,-1
